aab,2,3,4,6,3,6,     0.01414118
aab,2,3,6,9,3,8,     0.00190671
aab,2,3,4,7,3,7,     0.01415132
aab,2,3,4,5,2,7,     0.00247357
aab,2,3,4,7,2,5,     0.00461240
aab,2,3,4,8,3,8,     0.01415132
aab,2,3,4,6,2,8,     0.00247357
aab,2,3,6,8,3,9,     0.00028222
aab,2,3,5,7,3,9,     0.00028222
aab,2,3,4,5,3,5,     0.01414118
aab,0,3,6,9,0,6,     0.00011785
aab,1,3,6,9,1,6,     0.00012226
aab,2,3,5,9,3,7,     0.00190671
aab,1,3,4,6,3,6,    -0.00068897
aab,2,3,8,9,2,8,    -0.00645443
aab,1,3,7,9,0,5,    -0.00013752
aab,0,3,7,9,1,5,    -0.00013940
aab,0,3,6,9,3,6,     0.00033484
aab,2,3,8,9,3,6,     0.00162447
aab,2,3,7,9,2,7,    -0.00645443
aab,2,3,7,9,3,5,     0.00162447
aab,2,3,6,9,2,6,     0.00165803
aab,1,3,8,9,3,6,     0.00021718
aab,2,3,5,9,2,5,     0.00165803
aab,1,3,4,7,3,7,    -0.00041509
aab,0,3,4,9,3,4,     0.00054382
aab,2,3,4,9,3,9,    -0.00847282
aab,2,3,4,8,2,6,     0.00461240
aab,1,3,4,9,2,4,     0.00052323
aab,0,3,4,6,3,8,     0.00033480
aab,2,3,4,9,1,4,     0.00062082
aab,2,3,4,9,2,4,     0.00613845
aab,0,3,4,5,3,7,     0.00033480
aab,1,3,4,8,3,8,    -0.00041509
aab,0,3,4,9,0,4,     0.00035017
aab,1,3,4,9,3,9,    -0.00030985
aab,1,3,4,9,1,4,     0.00036230
aab,1,3,8,9,0,6,    -0.00013752
aab,1,2,6,9,0,6,     0.00013735
aab,2,3,6,8,2,4,     0.00213878
aab,1,2,7,9,2,5,     0.00020264
aab,0,3,8,9,1,6,    -0.00013940
aab,2,3,4,5,2,8,     0.00038814
aab,0,2,6,9,2,6,    -0.00043557
aab,0,2,5,9,1,5,     0.00014013
aab,1,2,8,9,2,6,     0.00020264
aab,1,2,5,9,0,5,     0.00013735
aab,0,2,6,9,1,6,     0.00014013
aab,2,3,4,6,2,7,    -0.00038814
aab,2,3,5,7,2,4,     0.00213878
aab,0,2,5,9,2,5,    -0.00043557
aab,1,3,7,9,3,5,     0.00021718
aab,0,3,5,9,0,5,     0.00011785
aab,0,3,5,9,3,5,     0.00033484
aab,1,3,5,9,1,5,     0.00012226
aab,1,3,4,5,3,5,    -0.00068897
aab,1,3,6,9,3,8,     0.00012932
aab,1,2,6,9,2,8,     0.00010602
aab,2,3,4,5,0,5,    -0.00009254
aab,0,2,6,8,3,9,    -0.00008839
aab,1,2,4,6,0,8,    -0.00009339
aab,2,3,4,7,3,8,     0.00000004
aab,2,3,4,8,2,5,     0.00072386
aab,2,3,4,5,3,6,    -0.00000000
aab,0,2,6,9,0,8,    -0.00004671
aab,1,2,6,9,3,6,    -0.00004969
aab,1,2,6,9,1,8,    -0.00005009
aab,1,2,8,9,3,8,    -0.00015547
aab,0,2,7,9,2,7,    -0.00017607
aab,2,3,4,6,3,5,     0.00000000
aab,0,2,4,6,1,8,    -0.00009197
aab,0,2,4,5,1,7,    -0.00009197
aab,1,3,6,8,3,9,    -0.00008785
aab,1,3,6,9,0,8,    -0.00011356
aab,0,2,4,8,3,8,    -0.00006976
aab,1,3,7,9,2,7,    -0.00010494
aab,0,3,4,6,1,6,     0.00008764
aab,2,3,6,9,1,6,     0.00014204
aab,1,3,8,9,2,8,    -0.00010494
aab,2,3,6,9,3,7,    -0.00029927
aab,0,2,4,7,2,5,     0.00009824
aab,1,2,4,5,0,7,    -0.00009339
aab,0,3,7,9,2,5,     0.00014505
aab,1,3,5,9,3,7,     0.00012932
aab,0,2,4,9,2,4,    -0.00032118
aab,2,3,7,9,3,6,    -0.00025500
aab,0,2,5,7,3,9,    -0.00008839
aab,2,3,7,9,2,8,    -0.00000001
aab,0,2,5,9,0,7,    -0.00004671
aab,1,3,4,6,0,6,     0.00009282
aab,0,2,4,9,0,9,     0.00014289
aab,1,2,7,9,3,7,    -0.00015547
aab,1,2,4,9,3,4,    -0.00009759
aab,0,2,4,7,3,7,    -0.00006976
aab,1,2,5,9,1,7,    -0.00005009
aab,1,2,5,9,2,7,     0.00010602
aab,1,2,4,9,1,9,     0.00014107
aab,0,3,6,9,1,8,    -0.00011240
aab,1,3,5,9,2,5,     0.00009235
aab,2,3,4,7,0,7,     0.00003400
aab,2,3,4,8,0,8,     0.00003400
aab,1,2,5,9,3,5,    -0.00004969
aab,0,2,4,8,2,6,     0.00009824
aab,2,3,4,8,3,7,    -0.00000004
aab,1,3,6,9,2,6,     0.00009235
aab,0,3,8,9,0,8,     0.00006663
aab,0,3,5,9,1,7,    -0.00011240
aab,1,2,4,8,0,6,    -0.00007467
aab,0,3,4,7,3,5,     0.00023669
aab,1,3,8,9,1,8,     0.00006393
aab,1,3,5,9,0,7,    -0.00011356
aab,2,3,4,7,2,6,    -0.00072386
aab,0,3,4,8,3,6,     0.00023669
aab,0,2,8,9,0,6,    -0.00004018
aab,1,2,8,9,1,6,    -0.00004205
aab,0,3,4,5,2,5,    -0.00019428
aab,0,3,4,9,1,9,    -0.00005408
aab,1,2,4,5,2,5,     0.00010955
aab,2,3,8,9,2,7,     0.00000001
aab,1,2,4,6,2,6,     0.00010955
aab,1,2,6,8,2,9,    -0.00009663
aab,0,2,8,9,2,8,    -0.00017607
aab,0,3,4,6,2,6,    -0.00019428
aab,1,2,5,7,2,9,    -0.00009663
aab,1,3,4,9,0,9,    -0.00005146
aab,0,3,8,9,2,6,     0.00014505
aab,2,3,4,6,0,6,    -0.00009254
aab,1,3,4,5,0,5,     0.00009282
aab,1,3,7,9,1,7,     0.00006393
aab,0,3,7,9,0,7,     0.00006663
aab,2,3,5,9,3,8,     0.00029927
aab,2,3,5,9,1,5,     0.00014204
aab,2,3,8,9,3,5,     0.00025500
aab,1,2,4,7,0,5,    -0.00007467
aab,1,2,7,9,1,5,    -0.00004205
aab,1,3,5,7,3,9,    -0.00008785
aab,0,2,7,9,0,5,    -0.00004018
aab,0,3,4,5,1,5,     0.00008764
aab,1,2,7,9,0,7,     0.00001953
aab,2,3,5,8,3,9,     0.00004428
aab,1,2,4,6,3,8,     0.00016746
aab,2,3,5,6,3,4,     0.00000006
aab,1,2,6,8,3,4,     0.00003736
aab,2,3,6,9,0,8,     0.00011383
aab,2,3,4,6,1,8,    -0.00015426
aab,2,3,7,8,3,4,    -0.00000004
aab,0,2,4,6,3,6,    -0.00010174
aab,0,2,6,9,3,8,     0.00003470
aab,1,2,4,7,2,7,    -0.00005984
aab,0,2,7,9,1,7,     0.00002494
aab,0,3,4,7,2,7,    -0.00003576
aab,1,3,4,6,1,8,    -0.00001825
aab,1,2,4,9,2,9,    -0.00001448
aab,0,2,4,5,2,7,     0.00007798
aab,0,2,4,5,3,5,    -0.00010174
aab,1,2,4,6,1,6,     0.00008170
aab,0,3,6,8,2,9,     0.00000348
aab,1,2,4,9,0,4,     0.00003875
aab,0,2,4,7,0,7,     0.00007786
aab,2,3,4,9,0,9,    -0.00009710
aab,0,2,4,8,1,6,    -0.00007670
aab,0,2,4,5,0,5,     0.00007926
aab,2,3,4,7,1,5,    -0.00017464
aab,1,3,4,8,2,6,     0.00003018
aab,0,2,4,6,2,8,     0.00007798
aab,0,3,4,6,0,8,    -0.00002229
aab,1,2,5,7,3,4,     0.00003736
aab,1,2,4,8,2,8,    -0.00005984
aab,0,3,6,9,2,8,     0.00008872
aab,0,2,5,9,3,7,     0.00003470
aab,2,3,6,7,3,9,    -0.00004428
aab,2,3,4,5,1,7,    -0.00015426
aab,0,2,4,6,0,6,     0.00007926
aab,1,3,4,7,1,5,    -0.00002823
aab,0,2,4,8,0,8,     0.00007786
aab,1,2,4,7,1,7,     0.00007821
aab,0,3,6,8,3,4,    -0.00009812
aab,1,2,4,5,3,7,     0.00016746
aab,1,3,4,7,2,5,     0.00003018
aab,0,2,4,9,3,9,     0.00006157
aab,1,2,4,8,3,6,     0.00017093
aab,1,3,6,8,2,4,     0.00001698
aab,2,3,6,9,2,5,    -0.00000002
aab,2,3,5,6,2,9,     0.00000003
aab,0,2,4,7,1,5,    -0.00007670
aab,2,3,5,9,0,7,     0.00011383
aab,1,3,7,9,3,6,    -0.00003409
aab,2,3,7,9,0,5,     0.00002196
aab,0,3,4,7,0,5,    -0.00003143
aab,2,3,7,8,2,9,    -0.00000002
aab,1,2,4,5,1,5,     0.00008170
aab,0,3,5,7,2,9,     0.00000348
aab,0,2,4,9,1,4,     0.00004517
aab,2,3,4,8,1,6,    -0.00017464
aab,1,2,4,8,1,8,     0.00007821
aab,1,2,4,7,3,5,     0.00017093
aab,0,3,4,6,3,7,    -0.00005254
aab,1,3,7,9,0,6,     0.00002158
aab,2,3,8,9,0,6,     0.00002196
aab,0,3,8,9,3,8,    -0.00006703
aab,1,3,5,7,2,4,     0.00001698
aab,0,3,5,9,2,7,     0.00008872
aab,0,3,5,7,3,4,    -0.00009812
aab,0,2,8,9,3,6,     0.00006328
aab,0,3,4,5,0,7,    -0.00002229
aab,0,3,5,7,1,9,     0.00002628
aab,1,3,4,5,1,7,    -0.00001825
aab,2,3,8,9,1,8,     0.00005053
aab,0,3,4,5,3,8,     0.00005254
aab,0,3,4,8,1,8,     0.00000551
aab,1,3,5,7,0,9,     0.00002468
aab,2,3,5,9,2,6,     0.00000002
aab,0,3,7,9,1,6,     0.00002188
aab,1,3,4,8,0,8,     0.00000894
aab,1,3,6,8,0,9,     0.00002468
aab,0,2,8,9,1,8,     0.00002494
aab,0,3,4,8,0,6,    -0.00003143
aab,0,3,4,8,2,8,    -0.00003576
aab,0,2,5,7,2,4,     0.00002026
aab,0,3,6,8,1,9,     0.00002628
aab,2,3,5,8,2,4,     0.00033569
aab,1,3,4,8,1,6,    -0.00002823
aab,2,3,6,7,2,4,    -0.00033569
aab,0,2,6,8,2,4,     0.00002026
aab,1,2,8,9,0,8,     0.00001953
aab,1,3,4,7,0,7,     0.00000894
aab,0,3,7,9,3,7,    -0.00006703
aab,0,3,4,7,1,7,     0.00000551
aab,1,3,8,9,3,5,     0.00003409
aab,1,3,8,9,0,5,    -0.00002158
aab,0,3,8,9,1,5,    -0.00002188
aab,2,3,7,9,1,7,     0.00005053
aab,0,2,7,9,3,5,     0.00006328
aab,0,3,4,9,2,9,    -0.00003553
aab,0,2,5,9,0,8,    -0.00000733
aab,1,2,5,9,1,8,    -0.00000786
aab,1,3,5,9,3,8,     0.00002030
aab,1,3,4,6,2,8,    -0.00002069
aab,1,2,7,9,3,8,     0.00000000
aab,1,2,4,5,0,8,    -0.00001466
aab,1,3,7,9,2,8,    -0.00000000
aab,1,2,6,9,1,7,     0.00000786
aab,1,3,6,9,3,7,    -0.00002030
aab,1,2,6,9,3,5,     0.00000000
aab,0,2,6,9,0,7,     0.00000733
aab,1,3,6,7,3,9,     0.00001379
aab,1,3,6,9,2,5,    -0.00000000
aab,1,2,8,9,3,7,    -0.00000000
aab,1,2,4,6,0,7,     0.00001466
aab,1,2,5,9,3,6,    -0.00000000
aab,1,3,8,9,2,7,     0.00000000
aab,0,2,5,7,1,4,     0.00001775
aab,0,3,7,9,2,6,    -0.00002277
aab,1,3,5,9,0,8,    -0.00001782
aab,0,3,4,7,3,6,    -0.00003715
aab,1,3,4,5,2,7,    -0.00002069
aab,1,2,5,7,1,9,    -0.00000804
aab,0,2,5,7,0,9,    -0.00000653
aab,0,3,4,8,3,5,     0.00003715
aab,0,3,5,9,1,8,    -0.00001764
aab,1,3,5,9,2,6,     0.00000000
aab,1,2,5,7,0,4,     0.00001623
aab,1,2,6,8,1,9,    -0.00000804
aab,1,2,7,9,2,6,    -0.00003180
aab,1,2,8,9,2,5,     0.00003180
aab,0,2,6,8,1,4,     0.00001775
aab,0,2,6,8,0,9,    -0.00000653
aab,1,2,6,8,0,4,     0.00001623
aab,1,3,5,8,3,9,    -0.00001379
aab,0,3,6,9,1,7,     0.00001764
aab,0,3,8,9,2,5,     0.00002277
aab,1,3,6,9,0,7,     0.00001782
aab,2,3,8,9,0,5,     0.00000345
aab,0,1,6,9,1,6,    -0.00000134
aab,0,1,7,9,1,8,     0.00000000
aab,1,3,5,6,3,4,     0.00000000
aab,1,3,8,9,1,7,    -0.00000000
aab,0,2,4,5,0,6,    -0.00000000
aab,1,2,4,7,1,8,     0.00000000
aab,1,2,7,8,2,4,     0.00000000
aab,0,3,7,8,0,9,     0.00000000
aab,1,2,6,9,0,5,    -0.00000000
aab,1,2,4,6,1,5,     0.00000000
aab,0,2,7,9,3,6,    -0.00000993
aab,0,3,7,8,3,9,    -0.00000000
aab,0,1,4,7,3,7,    -0.00000343
aab,1,2,5,8,2,9,    -0.00001516
aab,2,3,5,7,0,9,     0.00003205
aab,0,1,6,7,1,4,     0.00000001
