aabb,2,3,6,8,2,3,6,8,     0.02485656
aabb,1,2,6,9,1,3,8,9,    -0.00016599
aabb,0,2,6,9,2,3,4,8,    -0.00018775
aabb,2,3,5,6,2,3,7,8,    -0.01242863
aabb,2,3,4,6,2,3,8,9,    -0.00543460
aabb,2,3,7,8,2,3,7,8,     0.00619292
aabb,2,3,6,9,2,3,4,8,    -0.00666807
aabb,0,2,6,9,0,3,8,9,    -0.00017031
aabb,2,3,6,7,2,3,5,8,     0.01284992
aabb,2,3,4,7,2,3,4,7,     0.01204157
aabb,2,3,4,6,1,3,8,9,     0.00028442
aabb,1,3,6,8,1,3,6,8,     0.00012446
aabb,2,3,4,6,0,3,6,9,     0.00011230
aabb,1,3,4,6,2,3,4,6,    -0.00105062
aabb,2,3,4,7,2,3,5,9,    -0.00666807
aabb,2,3,7,9,2,3,4,5,    -0.00543460
aabb,2,3,4,5,1,3,7,9,     0.00028442
aabb,1,3,6,9,1,2,8,9,    -0.00012837
aabb,0,3,7,9,0,2,5,9,    -0.00017031
aabb,2,3,4,5,2,3,7,9,    -0.00543460
aabb,1,3,7,9,1,2,5,9,    -0.00016599
aabb,2,3,5,6,0,3,6,7,    -0.00014681
aabb,2,3,4,6,2,3,4,6,     0.05389311
aabb,2,3,6,7,2,3,6,7,     0.01158538
aabb,2,3,4,8,2,3,4,8,     0.01204157
aabb,2,3,4,9,2,3,4,9,     0.01591822
aabb,2,3,5,8,2,3,6,7,     0.01284992
aabb,0,2,5,9,0,3,7,9,    -0.00017031
aabb,0,3,6,7,2,3,5,6,    -0.00014681
aabb,1,3,6,9,1,3,6,9,     0.00026762
aabb,1,3,6,7,1,3,6,7,     0.00014430
aabb,0,3,6,7,0,3,6,7,     0.00014390
aabb,2,3,6,7,1,3,6,7,    -0.00038787
aabb,2,3,4,6,1,3,4,6,    -0.00105062
aabb,1,3,7,9,2,3,4,5,     0.00028442
aabb,1,3,6,7,2,3,6,7,    -0.00038787
aabb,0,3,6,9,0,3,6,9,     0.00027383
aabb,2,3,7,8,2,3,5,6,    -0.01242863
aabb,2,3,5,9,2,3,4,7,    -0.00666807
aabb,1,3,6,8,2,3,6,8,    -0.00064094
aabb,2,3,5,6,1,3,5,6,    -0.00057926
aabb,0,2,5,9,2,3,4,7,    -0.00018775
aabb,2,3,6,8,1,3,6,8,    -0.00064094
aabb,2,3,6,9,2,3,6,9,     0.00296344
aabb,0,3,6,8,0,3,6,8,     0.00011943
aabb,2,3,5,7,2,3,5,7,     0.02485656
aabb,1,2,5,9,1,3,7,9,    -0.00016599
aabb,0,3,6,9,2,3,4,6,     0.00011230
aabb,1,3,5,6,2,3,5,6,    -0.00057926
aabb,0,3,6,9,0,2,8,9,    -0.00013118
aabb,2,3,5,6,2,3,5,6,     0.03292299
aabb,2,3,4,7,0,2,5,9,    -0.00018775
aabb,1,3,4,6,1,3,4,6,     0.00029124
aabb,2,3,4,5,1,3,4,5,    -0.00105062
aabb,1,3,4,7,1,3,4,7,     0.00037613
aabb,1,3,4,5,0,3,4,7,    -0.00032268
aabb,0,3,4,5,0,3,4,5,     0.00026473
aabb,1,3,8,9,1,3,8,9,     0.00009811
aabb,2,3,4,5,0,3,4,7,     0.00068307
aabb,1,3,4,6,0,3,4,8,    -0.00032268
aabb,1,3,4,5,1,3,4,5,     0.00029124
aabb,2,3,4,7,1,3,4,7,    -0.00086536
aabb,0,3,8,9,0,3,8,9,     0.00009565
aabb,0,3,4,6,0,3,4,6,     0.00026473
aabb,0,3,5,9,0,2,7,9,    -0.00013118
aabb,1,3,4,8,2,3,4,8,    -0.00086536
aabb,0,3,4,8,1,3,4,6,    -0.00032268
aabb,0,3,4,5,2,3,4,7,     0.00051140
aabb,1,3,4,9,1,3,4,9,     0.00074426
aabb,0,3,4,6,1,3,4,8,    -0.00030732
aabb,2,3,4,6,0,3,4,8,     0.00068307
aabb,0,2,8,9,0,3,6,9,    -0.00013118
aabb,0,3,4,7,2,3,4,5,     0.00068307
aabb,0,3,4,6,2,3,4,8,     0.00051140
aabb,1,3,4,8,1,3,4,8,     0.00037613
aabb,2,3,8,9,2,3,8,9,     0.00150653
aabb,0,3,4,9,0,3,4,9,     0.00076784
aabb,0,3,4,5,1,3,4,7,    -0.00030732
aabb,1,3,4,7,0,3,4,5,    -0.00030732
aabb,1,3,4,9,2,3,4,9,    -0.00041470
aabb,2,3,4,9,1,3,4,9,    -0.00041470
aabb,2,3,4,7,0,3,4,5,     0.00051140
aabb,2,3,8,9,2,3,4,6,    -0.00543460
aabb,2,3,4,8,1,3,4,8,    -0.00086536
aabb,2,3,5,8,2,3,5,8,     0.01158538
aabb,0,3,4,7,1,3,4,5,    -0.00032268
aabb,1,2,8,9,1,3,6,9,    -0.00012837
aabb,0,3,4,7,0,3,4,7,     0.00038793
aabb,1,3,4,7,2,3,4,7,    -0.00086536
aabb,1,3,4,8,0,3,4,6,    -0.00030732
aabb,2,3,4,8,0,3,4,6,     0.00051140
aabb,0,3,4,8,2,3,4,6,     0.00068307
aabb,0,3,4,8,0,3,4,8,     0.00038793
aabb,2,3,4,5,2,3,4,5,     0.05389311
aabb,1,3,4,5,2,3,4,5,    -0.00105062
aabb,1,3,5,9,1,2,7,9,    -0.00012837
aabb,1,2,6,9,1,2,6,9,     0.00021804
aabb,2,3,4,5,1,2,5,9,    -0.00010699
aabb,0,2,6,7,2,3,6,7,     0.00024949
aabb,1,2,5,9,2,3,4,5,    -0.00010699
aabb,2,3,5,7,0,2,5,7,     0.00051284
aabb,2,3,6,7,0,2,6,7,     0.00024949
aabb,2,3,6,8,0,2,6,8,     0.00051284
aabb,0,2,5,8,2,3,5,8,     0.00024949
aabb,1,3,8,9,1,2,6,9,    -0.00016599
aabb,2,3,4,8,2,3,6,9,    -0.00666807
aabb,2,3,5,9,2,3,5,9,     0.00296344
aabb,0,3,8,9,0,2,6,9,    -0.00017031
aabb,1,3,8,9,2,3,4,6,     0.00028442
aabb,1,2,5,9,1,2,5,9,     0.00021804
aabb,0,2,5,9,0,2,5,9,     0.00022484
aabb,1,2,6,9,2,3,4,6,    -0.00010699
aabb,0,2,6,8,2,3,6,8,     0.00051284
aabb,2,3,5,8,0,2,5,8,     0.00024949
aabb,0,2,6,9,0,2,6,9,     0.00022484
aabb,0,2,5,7,2,3,5,7,     0.00051284
aabb,2,3,4,8,0,2,6,9,    -0.00018775
aabb,2,3,4,6,1,2,6,9,    -0.00010699
aabb,0,3,5,9,0,3,5,9,     0.00027383
aabb,1,3,5,7,1,3,5,7,     0.00012446
aabb,2,3,5,6,0,3,5,8,     0.00014681
aabb,0,3,5,8,2,3,5,6,     0.00014681
aabb,2,3,5,8,1,3,5,8,    -0.00038787
aabb,1,3,5,8,1,3,5,8,     0.00014430
aabb,1,3,7,9,1,3,7,9,     0.00009811
aabb,1,3,5,7,2,3,5,7,    -0.00064094
aabb,1,3,5,9,1,3,5,9,     0.00026762
aabb,2,3,4,5,0,3,5,9,     0.00011230
aabb,0,3,7,9,0,3,7,9,     0.00009565
aabb,0,3,5,9,2,3,4,5,     0.00011230
aabb,1,3,5,8,2,3,5,8,    -0.00038787
aabb,0,3,5,7,0,3,5,7,     0.00011943
aabb,1,2,7,9,1,3,5,9,    -0.00012837
aabb,0,3,5,8,0,3,5,8,     0.00014390
aabb,0,2,7,9,0,3,5,9,    -0.00013118
aabb,2,3,7,9,2,3,7,9,     0.00150653
aabb,2,3,5,7,1,3,5,7,    -0.00064094
aabb,1,2,6,8,0,3,6,8,    -0.00007072
aabb,2,3,6,9,0,3,8,9,    -0.00017016
aabb,1,2,4,5,0,3,4,5,     0.00010302
aabb,1,2,4,7,2,3,4,5,     0.00022963
aabb,0,2,6,8,1,3,6,8,    -0.00008213
aabb,2,3,5,6,1,3,7,8,     0.00028446
aabb,1,2,6,7,1,3,7,8,     0.00007106
aabb,2,3,6,8,2,3,5,8,     0.00213546
aabb,2,3,4,8,2,3,4,7,    -0.00000000
aabb,0,2,5,6,0,3,5,8,    -0.00004780
aabb,1,2,7,9,1,2,7,9,     0.00008164
aabb,0,2,5,6,1,3,7,8,     0.00010607
aabb,1,2,6,7,0,3,5,8,    -0.00008612
aabb,1,2,5,6,2,3,5,8,    -0.00000591
aabb,2,3,6,7,1,3,5,8,    -0.00025764
aabb,1,2,4,6,0,3,8,9,     0.00007877
aabb,1,2,5,6,0,3,7,8,     0.00010614
aabb,0,2,4,5,1,3,4,5,     0.00009825
aabb,1,2,4,6,1,3,4,8,    -0.00006021
aabb,1,2,6,7,2,3,7,8,    -0.00006678
aabb,0,2,5,6,2,3,7,8,    -0.00024160
aabb,2,3,6,9,1,3,4,8,     0.00013070
aabb,0,2,6,7,1,3,5,8,    -0.00009207
aabb,0,2,4,5,2,3,4,5,     0.00001832
aabb,2,3,5,8,2,3,6,8,     0.00213546
aabb,2,3,8,9,2,3,4,5,    -0.00085296
aabb,2,3,6,7,0,3,7,8,     0.00005371
aabb,0,2,6,7,0,3,7,8,     0.00007408
aabb,1,2,5,6,1,3,5,8,    -0.00004935
aabb,2,3,4,7,2,3,4,8,    -0.00000000
aabb,0,2,6,9,1,3,4,8,     0.00004339
aabb,2,3,4,5,0,2,4,5,     0.00001832
aabb,2,3,6,7,2,3,6,8,    -0.00213546
aabb,1,2,4,6,2,3,4,8,     0.00019273
aabb,0,3,4,5,1,2,4,5,     0.00010302
aabb,1,3,4,5,0,2,4,5,     0.00009825
aabb,1,2,4,5,1,2,4,5,    -0.00002673
aabb,0,2,4,6,0,3,4,8,    -0.00005615
aabb,2,3,5,7,2,3,5,8,     0.00213546
aabb,2,3,4,5,2,3,8,9,    -0.00085296
aabb,0,2,6,7,2,3,5,8,     0.00025774
aabb,0,2,4,6,2,3,8,9,    -0.00019415
aabb,2,3,4,8,2,3,5,9,    -0.00104654
aabb,2,3,5,9,2,3,4,8,    -0.00104654
aabb,0,2,7,9,0,2,7,9,     0.00008825
aabb,2,3,4,5,1,2,4,7,     0.00022963
aabb,0,2,4,5,0,2,4,5,    -0.00002593
aabb,0,2,5,6,0,3,6,7,     0.00004780
aabb,1,3,6,7,0,2,5,8,    -0.00009207
aabb,1,3,5,6,2,3,7,8,     0.00023996
aabb,1,3,4,6,2,3,8,9,     0.00010447
aabb,1,3,7,8,0,2,5,6,     0.00010607
aabb,2,3,4,7,1,2,4,5,     0.00019273
aabb,0,3,5,6,0,3,5,6,     0.00012014
aabb,0,3,7,8,1,2,5,6,     0.00010614
aabb,1,3,4,7,2,3,5,9,     0.00013070
aabb,0,2,4,9,0,2,4,9,     0.00007260
aabb,2,3,7,9,0,2,4,5,    -0.00019415
aabb,2,3,5,7,2,3,6,7,    -0.00213546
aabb,2,3,7,8,0,2,5,6,    -0.00024160
aabb,1,3,4,7,1,2,4,5,    -0.00006021
aabb,0,3,6,7,1,3,5,6,     0.00011221
aabb,0,3,4,6,0,2,4,8,    -0.00004565
aabb,0,3,4,7,0,2,4,5,    -0.00005615
aabb,0,2,4,5,0,3,4,7,    -0.00005615
aabb,0,2,5,8,1,3,6,7,    -0.00009207
aabb,1,3,5,6,0,3,6,7,     0.00011221
aabb,0,2,5,8,0,3,7,8,    -0.00007408
aabb,0,3,6,7,0,2,7,8,     0.00005730
aabb,0,3,6,9,1,3,4,6,    -0.00010807
aabb,0,3,4,6,1,3,6,9,    -0.00009711
aabb,2,3,6,9,1,3,6,9,    -0.00013203
aabb,1,3,6,7,0,3,5,6,     0.00010716
aabb,1,2,4,5,2,3,4,7,     0.00019273
aabb,0,2,4,5,2,3,7,9,    -0.00019415
aabb,2,3,6,9,0,3,4,6,     0.00018887
aabb,2,3,5,6,1,2,5,8,     0.00001344
aabb,2,3,7,8,1,2,5,8,     0.00006678
aabb,2,3,6,7,1,2,5,6,     0.00000591
aabb,2,3,5,7,2,3,4,9,    -0.00123345
aabb,2,3,4,6,0,2,8,9,    -0.00015315
aabb,1,3,6,7,2,3,5,8,    -0.00025764
aabb,1,2,5,6,1,3,6,7,     0.00004935
aabb,1,3,6,7,1,2,7,8,     0.00005488
aabb,1,3,4,6,0,3,6,9,    -0.00010807
aabb,2,3,5,9,0,3,7,9,    -0.00017016
aabb,0,2,5,9,1,3,4,7,     0.00004339
aabb,2,3,5,9,1,3,4,7,     0.00013070
aabb,0,3,5,6,1,3,6,7,     0.00010716
aabb,1,3,7,8,1,2,5,8,    -0.00007106
aabb,1,3,6,9,0,3,4,6,    -0.00009711
aabb,0,3,6,7,1,2,5,8,    -0.00008612
aabb,1,2,4,5,1,3,4,7,    -0.00006021
aabb,0,2,5,8,2,3,6,7,     0.00025774
aabb,1,3,6,7,1,2,5,6,     0.00004935
aabb,1,2,5,7,0,3,5,7,    -0.00007072
aabb,0,3,6,7,2,3,7,8,     0.00002971
aabb,1,3,5,6,1,3,5,6,     0.00013405
aabb,0,3,7,8,0,2,5,8,    -0.00007408
aabb,1,2,4,5,0,3,7,9,     0.00007877
aabb,1,3,5,6,0,2,7,8,     0.00008360
aabb,2,3,5,8,0,3,7,8,    -0.00005371
aabb,2,3,6,8,2,3,4,9,    -0.00123345
aabb,2,3,6,7,1,2,7,8,    -0.00004649
aabb,2,3,5,6,0,2,7,8,    -0.00026270
aabb,2,3,6,7,0,3,5,6,    -0.00013351
aabb,1,2,5,8,1,3,7,8,    -0.00007106
aabb,1,3,5,7,0,2,5,7,    -0.00008213
aabb,0,3,4,6,2,3,6,9,     0.00018887
aabb,0,3,6,7,0,2,5,6,     0.00004780
aabb,2,3,4,6,1,2,4,8,     0.00022963
aabb,0,2,5,7,1,3,5,7,    -0.00008213
aabb,1,2,4,9,1,2,4,9,     0.00006456
aabb,1,3,4,7,0,2,5,9,     0.00004339
aabb,1,3,6,9,2,3,4,8,     0.00022860
aabb,0,3,7,8,2,3,5,8,    -0.00005371
aabb,0,3,6,8,1,2,6,8,    -0.00007072
aabb,1,3,4,6,1,2,4,8,    -0.00004775
aabb,0,3,6,9,2,3,8,9,    -0.00012756
aabb,2,3,6,8,2,3,6,7,    -0.00213546
aabb,2,3,5,8,2,3,5,7,     0.00213546
aabb,0,3,5,6,2,3,6,7,    -0.00013351
aabb,1,3,7,8,2,3,5,6,     0.00028446
aabb,2,3,6,7,2,3,5,7,    -0.00213546
aabb,2,3,4,9,0,2,4,9,     0.00022433
aabb,0,2,4,9,2,3,4,9,     0.00022433
aabb,1,2,5,8,0,3,6,7,    -0.00008612
aabb,2,3,5,8,1,3,6,7,    -0.00025764
aabb,0,3,7,9,1,2,4,5,     0.00007877
aabb,0,3,5,7,1,2,5,7,    -0.00007072
aabb,2,3,6,7,0,2,5,8,     0.00025774
aabb,1,3,6,9,2,3,6,9,    -0.00013203
aabb,1,2,5,8,2,3,7,8,     0.00006678
aabb,1,2,5,6,2,3,6,7,     0.00000591
aabb,2,3,4,9,2,3,6,8,    -0.00123345
aabb,0,3,7,9,2,3,5,9,    -0.00017016
aabb,2,3,5,9,1,2,4,5,     0.00000136
aabb,2,3,5,8,0,2,6,7,     0.00025774
aabb,0,2,8,9,2,3,4,6,    -0.00015315
aabb,1,3,4,5,2,3,7,9,     0.00010447
aabb,2,3,8,9,1,3,4,6,     0.00010447
aabb,0,3,7,9,2,3,4,7,     0.00000503
aabb,2,3,5,9,0,2,4,7,    -0.00020592
aabb,0,3,5,8,1,2,6,7,    -0.00008612
aabb,2,3,7,8,0,3,6,7,     0.00002971
aabb,0,2,4,8,0,3,4,6,    -0.00004565
aabb,1,2,7,8,1,3,6,7,     0.00005488
aabb,1,2,4,8,1,3,4,6,    -0.00004775
aabb,1,2,5,8,2,3,5,6,     0.00001344
aabb,2,3,6,9,0,2,4,8,    -0.00020592
aabb,1,3,5,8,2,3,6,7,    -0.00025764
aabb,0,3,5,8,0,2,7,8,    -0.00005730
aabb,0,3,4,7,2,3,4,6,    -0.00010721
aabb,0,2,7,8,0,3,6,7,     0.00005730
aabb,2,3,6,9,1,2,4,6,     0.00000136
aabb,2,3,4,5,0,2,7,9,    -0.00015315
aabb,0,3,5,9,2,3,7,9,    -0.00012756
aabb,2,3,4,6,0,3,4,7,    -0.00010721
aabb,2,3,5,6,1,2,6,7,    -0.00001344
aabb,2,3,5,8,1,2,7,8,     0.00004649
aabb,0,2,7,8,2,3,5,6,    -0.00026270
aabb,0,3,5,8,2,3,7,8,    -0.00002971
aabb,2,3,4,8,0,3,8,9,     0.00000503
aabb,1,3,5,8,1,2,7,8,    -0.00005488
aabb,1,3,5,9,2,3,4,7,     0.00022860
aabb,1,2,7,8,2,3,6,7,    -0.00004649
aabb,2,3,8,9,0,3,6,9,    -0.00012756
aabb,0,3,4,8,2,3,4,5,     0.00010721
aabb,2,3,4,8,1,3,6,9,     0.00022860
aabb,0,3,7,8,0,3,7,8,     0.00008256
aabb,2,3,4,5,0,3,4,8,     0.00010721
aabb,0,2,7,8,1,3,5,6,     0.00008360
aabb,0,3,4,5,0,2,4,7,    -0.00004565
aabb,1,3,4,5,1,2,4,7,    -0.00004775
aabb,0,3,8,9,2,3,4,8,     0.00000503
aabb,2,3,7,8,1,3,5,6,     0.00023996
aabb,1,2,4,8,2,3,4,6,     0.00022963
aabb,0,2,5,8,0,2,5,8,     0.00008774
aabb,0,3,7,8,2,3,6,7,     0.00005371
aabb,1,2,5,6,0,2,5,8,    -0.00006735
aabb,0,2,5,6,1,2,5,8,    -0.00006468
aabb,1,2,6,7,0,2,5,6,     0.00006468
aabb,1,3,5,8,1,2,5,6,    -0.00004935
aabb,1,2,4,6,0,2,6,9,    -0.00005180
aabb,0,2,5,7,0,2,5,7,     0.00007293
aabb,0,2,4,5,1,2,5,9,    -0.00004557
aabb,0,3,7,8,0,2,6,7,     0.00007408
aabb,1,2,6,8,1,2,6,8,     0.00005578
aabb,2,3,6,9,0,2,6,9,     0.00020532
aabb,0,3,8,9,1,2,4,6,     0.00007877
aabb,0,2,8,9,0,2,8,9,     0.00008825
aabb,2,3,5,6,0,2,5,6,     0.00019623
aabb,1,3,5,8,0,2,6,7,    -0.00009207
aabb,2,3,5,8,1,2,5,6,    -0.00000591
aabb,1,3,4,8,2,3,6,9,     0.00013070
aabb,0,2,6,7,1,2,5,6,     0.00006735
aabb,0,2,5,6,0,2,5,6,     0.00005466
aabb,0,2,5,9,1,2,4,5,    -0.00005180
aabb,1,2,4,5,0,2,5,9,    -0.00005180
aabb,0,2,6,9,2,3,6,9,     0.00020532
aabb,1,2,4,6,1,2,4,6,    -0.00002673
aabb,1,2,5,9,0,2,4,5,    -0.00004557
aabb,0,2,4,6,1,2,6,9,    -0.00004557
aabb,2,3,4,6,0,2,4,6,     0.00001832
aabb,0,2,5,9,2,3,5,9,     0.00020532
aabb,0,2,6,7,0,2,6,7,     0.00008774
aabb,1,2,5,6,1,2,5,6,     0.00005264
aabb,1,2,4,5,2,3,5,9,     0.00000136
aabb,1,3,4,8,1,2,4,6,    -0.00006021
aabb,1,3,6,8,0,2,6,8,    -0.00008213
aabb,1,3,7,8,1,2,6,7,     0.00007106
aabb,2,3,8,9,0,2,4,6,    -0.00019415
aabb,2,3,7,8,1,2,6,7,    -0.00006678
aabb,1,2,4,6,2,3,6,9,     0.00000136
aabb,1,2,5,8,0,2,5,6,    -0.00006468
aabb,1,2,8,9,1,2,8,9,     0.00008164
aabb,0,2,6,9,1,2,4,6,    -0.00005180
aabb,1,2,6,7,1,2,6,7,     0.00007713
aabb,0,2,6,8,0,2,6,8,     0.00007293
aabb,1,2,5,6,0,2,6,7,     0.00006735
aabb,2,3,4,9,2,3,5,7,    -0.00123345
aabb,0,2,5,6,2,3,5,6,     0.00019623
aabb,2,3,5,9,0,2,5,9,     0.00020532
aabb,2,3,4,8,1,2,4,6,     0.00019273
aabb,1,2,6,9,0,2,4,6,    -0.00004557
aabb,1,2,6,7,2,3,5,6,    -0.00001344
aabb,1,3,4,8,0,2,6,9,     0.00004339
aabb,0,2,5,6,1,2,6,7,     0.00006468
aabb,0,3,4,8,0,2,4,6,    -0.00005615
aabb,1,2,5,8,1,2,5,8,     0.00007713
aabb,0,3,8,9,2,3,6,9,    -0.00017016
aabb,0,2,4,6,0,2,4,6,    -0.00002593
aabb,1,2,5,7,1,2,5,7,     0.00005578
aabb,0,3,5,8,0,2,5,6,    -0.00004780
aabb,0,2,5,8,1,2,5,6,    -0.00006735
aabb,0,2,4,6,2,3,4,6,     0.00001832
aabb,2,3,4,7,1,3,5,9,     0.00022860
aabb,1,3,4,5,0,3,5,9,    -0.00010807
aabb,0,2,7,8,0,3,5,8,    -0.00005730
aabb,1,3,4,6,0,2,4,6,     0.00009825
aabb,1,2,4,6,0,3,4,6,     0.00010302
aabb,1,2,7,8,2,3,5,8,     0.00004649
aabb,2,3,5,9,1,3,5,9,    -0.00013203
aabb,0,2,4,6,1,3,4,6,     0.00009825
aabb,0,3,5,6,2,3,5,8,     0.00013351
aabb,2,3,7,9,2,3,4,6,     0.00085296
aabb,2,3,4,7,0,3,7,9,     0.00000503
aabb,2,3,7,8,0,3,5,8,    -0.00002971
aabb,1,2,5,6,0,3,5,6,     0.00005406
aabb,0,3,4,6,1,2,4,6,     0.00010302
aabb,1,3,5,6,0,3,5,8,    -0.00011221
aabb,0,2,4,7,0,3,4,5,    -0.00004565
aabb,1,3,5,6,0,2,5,6,     0.00004934
aabb,0,3,5,8,1,3,5,6,    -0.00011221
aabb,0,3,5,9,1,3,4,5,    -0.00010807
aabb,0,2,7,9,2,3,4,5,    -0.00015315
aabb,1,3,5,9,2,3,5,9,    -0.00013203
aabb,2,3,5,8,0,3,5,6,     0.00013351
aabb,0,3,4,5,2,3,5,9,     0.00018887
aabb,1,2,7,8,1,3,5,8,    -0.00005488
aabb,2,3,4,6,2,3,7,9,     0.00085296
aabb,2,3,4,7,2,3,6,9,     0.00104654
aabb,0,3,5,6,1,3,5,8,    -0.00010716
aabb,0,3,4,5,1,3,5,9,    -0.00009711
aabb,1,2,4,7,1,3,4,5,    -0.00004775
aabb,0,3,5,6,1,2,5,6,     0.00005406
aabb,0,2,4,7,2,3,5,9,    -0.00020592
aabb,2,3,7,9,0,3,5,9,    -0.00012756
aabb,1,3,5,8,0,3,5,6,    -0.00010716
aabb,0,2,4,8,2,3,6,9,    -0.00020592
aabb,0,2,5,6,1,3,5,6,     0.00004934
aabb,2,3,7,9,1,3,4,5,     0.00010447
aabb,2,3,5,9,0,3,4,5,     0.00018887
aabb,2,3,6,9,2,3,4,7,     0.00104654
aabb,1,3,5,9,0,3,4,5,    -0.00009711
aabb,1,2,4,8,1,2,4,8,     0.00001591
aabb,0,2,4,7,2,3,4,7,     0.00003843
aabb,0,3,4,8,1,2,4,8,     0.00002127
aabb,2,3,7,9,1,2,4,7,     0.00005810
aabb,0,2,5,9,0,3,8,9,    -0.00002673
aabb,0,3,6,7,1,2,6,7,     0.00001199
aabb,0,2,7,8,2,3,7,8,     0.00013914
aabb,0,2,4,8,0,2,4,8,     0.00002184
aabb,1,3,7,9,0,3,4,7,    -0.00004925
aabb,2,3,4,7,0,2,4,7,     0.00003843
aabb,1,2,6,7,1,2,5,8,    -0.00002058
aabb,1,2,6,7,0,3,6,7,     0.00001199
aabb,0,2,4,8,1,3,4,8,     0.00001613
aabb,1,2,8,9,2,3,4,8,    -0.00006197
aabb,0,2,4,6,1,3,8,9,     0.00007499
aabb,1,2,7,9,2,3,4,7,    -0.00006197
aabb,1,2,7,8,1,2,7,8,     0.00003900
aabb,1,2,4,7,1,2,4,7,     0.00001591
aabb,0,2,6,7,1,3,6,7,     0.00000651
aabb,0,2,4,7,0,2,4,7,     0.00002184
aabb,1,2,6,7,0,2,7,8,     0.00002013
aabb,2,3,4,8,1,2,8,9,    -0.00006197
aabb,1,2,4,8,0,3,4,8,     0.00002127
aabb,1,2,7,8,0,2,6,7,     0.00001967
aabb,2,3,4,7,1,2,7,9,    -0.00006197
aabb,1,3,6,7,0,2,6,7,     0.00000651
aabb,2,3,7,9,0,2,7,9,     0.00013063
aabb,1,2,5,9,1,3,8,9,    -0.00002605
aabb,1,3,6,7,1,3,5,8,    -0.00001867
aabb,0,2,4,8,2,3,4,8,     0.00003843
aabb,0,2,7,9,2,3,7,9,     0.00013063
aabb,0,2,7,8,1,2,6,7,     0.00002013
aabb,1,2,6,9,2,3,8,9,    -0.00000693
aabb,1,2,4,7,2,3,7,9,     0.00005810
aabb,1,2,6,9,0,3,4,8,     0.00003093
aabb,2,3,4,8,0,2,4,8,     0.00003843
aabb,0,2,7,8,0,2,7,8,     0.00004770
aabb,0,2,6,7,0,2,5,8,    -0.00001419
aabb,0,2,6,7,1,2,7,8,     0.00001967
aabb,1,3,4,8,0,2,4,8,     0.00001613
aabb,2,3,7,8,0,2,7,8,     0.00013914
aabb,0,3,6,7,0,3,5,8,    -0.00002337
aabb,0,3,7,9,1,3,4,7,    -0.00005470
aabb,0,3,6,9,1,2,4,8,     0.00006316
aabb,1,3,4,9,0,2,4,9,    -0.00004160
aabb,2,3,6,9,1,2,8,9,    -0.00002592
aabb,1,3,4,6,0,2,8,9,     0.00003753
aabb,0,3,4,9,1,2,4,9,    -0.00002816
aabb,0,3,5,6,1,2,7,8,     0.00007425
aabb,1,3,5,6,1,2,5,8,    -0.00003834
aabb,2,3,5,6,0,3,6,8,    -0.00002304
aabb,1,2,4,9,0,3,4,9,    -0.00002816
aabb,0,3,8,9,1,3,4,8,    -0.00005470
aabb,1,2,6,9,1,3,7,9,     0.00002605
aabb,0,3,5,6,0,2,5,8,    -0.00003754
aabb,0,2,4,9,1,3,4,9,    -0.00004160
aabb,0,3,6,8,2,3,5,6,    -0.00002304
aabb,1,3,6,9,0,2,4,8,     0.00006430
aabb,0,3,4,6,1,2,8,9,     0.00002734
aabb,0,2,4,5,1,3,7,9,     0.00007499
aabb,1,2,5,9,0,3,4,7,     0.00003093
aabb,1,2,8,9,1,3,5,9,    -0.00002015
aabb,1,3,7,9,0,2,4,5,     0.00007499
aabb,1,3,8,9,0,3,4,8,    -0.00004925
aabb,2,3,7,9,1,2,5,9,    -0.00000693
aabb,0,3,4,7,1,2,5,9,     0.00003093
aabb,2,3,5,7,2,3,6,8,     0.00042126
aabb,0,2,8,9,0,3,5,9,    -0.00002059
aabb,0,2,6,9,0,3,7,9,     0.00002673
aabb,1,2,5,9,2,3,7,9,    -0.00000693
aabb,0,3,4,6,1,3,4,7,     0.00004823
aabb,1,2,5,8,1,3,5,6,    -0.00003834
aabb,1,3,6,9,1,2,4,6,    -0.00001684
aabb,0,3,5,6,0,3,7,8,     0.00002228
aabb,1,3,5,9,0,2,4,7,     0.00006430
aabb,2,3,8,9,1,3,8,9,    -0.00002543
aabb,0,3,4,5,2,3,4,8,     0.00008026
aabb,0,3,8,9,0,2,4,8,    -0.00002797
aabb,0,3,4,5,1,2,7,9,     0.00002734
aabb,0,2,7,9,0,3,6,9,     0.00002059
aabb,0,3,4,8,1,3,4,5,    -0.00005064
aabb,1,3,7,8,0,3,5,8,    -0.00003706
aabb,1,2,5,8,1,2,6,7,    -0.00002058
aabb,1,3,7,8,1,3,7,8,     0.00008492
aabb,0,3,7,8,1,3,5,8,    -0.00003837
aabb,2,3,4,7,0,3,4,6,    -0.00008026
aabb,1,2,5,6,1,2,7,8,     0.00001980
aabb,1,3,4,8,0,3,4,5,    -0.00004823
aabb,2,3,7,8,1,3,7,8,    -0.00020108
aabb,0,2,5,8,0,3,5,6,    -0.00003754
aabb,1,3,5,6,1,3,7,8,     0.00001751
aabb,1,3,5,9,1,2,4,5,    -0.00001684
aabb,2,3,8,9,1,2,4,8,     0.00005810
aabb,0,2,4,8,1,3,6,9,     0.00006430
aabb,1,3,5,9,1,2,8,9,    -0.00002015
aabb,1,3,8,9,1,2,4,8,    -0.00002678
aabb,0,3,4,8,1,3,8,9,    -0.00004925
aabb,1,3,4,7,0,2,4,7,     0.00001613
aabb,1,3,7,8,2,3,7,8,    -0.00020108
aabb,0,3,4,7,1,2,4,7,     0.00002127
aabb,1,2,8,9,2,3,6,9,    -0.00002592
aabb,1,3,4,5,0,2,7,9,     0.00003753
aabb,2,3,4,8,0,3,4,5,     0.00008026
aabb,1,3,4,7,0,3,4,6,     0.00004823
aabb,1,3,7,9,1,2,6,9,     0.00002605
aabb,1,2,7,8,0,3,5,6,     0.00007425
aabb,0,3,5,8,0,3,6,7,    -0.00002337
aabb,1,3,8,9,0,2,4,6,     0.00007499
aabb,1,3,8,9,2,3,8,9,    -0.00002543
aabb,1,3,7,9,1,2,4,7,    -0.00002678
aabb,1,2,7,9,1,3,6,9,     0.00002015
aabb,1,3,4,8,0,3,8,9,    -0.00005470
aabb,1,2,4,7,0,3,4,7,     0.00002127
aabb,0,3,7,9,0,2,4,7,    -0.00002797
aabb,0,3,5,9,1,2,4,7,     0.00006316
aabb,0,3,5,9,0,2,8,9,    -0.00002059
aabb,0,3,5,6,0,2,6,7,     0.00003754
aabb,1,3,5,8,1,3,6,7,    -0.00001867
aabb,1,2,8,9,0,3,4,6,     0.00002734
aabb,0,3,4,6,2,3,4,7,    -0.00008026
aabb,0,3,4,5,1,3,4,8,    -0.00004823
aabb,0,3,6,9,0,2,4,6,    -0.00001628
aabb,0,3,5,8,1,3,7,8,    -0.00003706
aabb,1,3,5,8,0,3,7,8,    -0.00003837
aabb,0,3,4,7,1,3,4,6,     0.00005064
aabb,0,2,4,7,1,3,4,7,     0.00001613
aabb,1,2,4,8,0,3,6,9,     0.00006316
aabb,0,3,4,8,2,3,8,9,     0.00007084
aabb,1,3,4,5,0,3,4,8,    -0.00005064
aabb,0,2,5,6,0,2,7,8,     0.00001356
aabb,1,3,4,6,0,3,4,7,     0.00005064
aabb,0,2,5,8,0,2,6,7,    -0.00001419
aabb,0,2,8,9,1,3,4,6,     0.00003753
aabb,2,3,8,9,0,3,4,8,     0.00007084
aabb,0,3,7,9,0,2,6,9,     0.00002673
aabb,2,3,5,9,1,2,7,9,    -0.00002592
aabb,1,3,5,6,1,2,6,7,     0.00003834
aabb,0,3,5,9,0,2,4,5,    -0.00001628
aabb,1,3,4,7,0,3,7,9,    -0.00005470
aabb,2,3,8,9,1,2,6,9,    -0.00000693
aabb,1,2,5,8,0,2,7,8,    -0.00002013
aabb,1,2,7,8,0,2,5,8,    -0.00001967
aabb,0,3,4,8,1,2,6,9,     0.00003093
aabb,0,2,8,9,2,3,8,9,     0.00013063
aabb,0,2,5,8,1,2,7,8,    -0.00001967
aabb,2,3,6,8,2,3,5,7,     0.00042126
aabb,0,2,7,8,1,2,5,8,    -0.00002013
aabb,0,3,5,8,1,2,5,8,     0.00001199
aabb,2,3,8,9,0,2,8,9,     0.00013063
aabb,1,3,5,8,0,2,5,8,     0.00000651
aabb,0,3,4,7,1,3,7,9,    -0.00004925
aabb,1,2,4,8,2,3,8,9,     0.00005810
aabb,1,2,5,8,0,3,5,8,     0.00001199
aabb,0,2,5,8,1,3,5,8,     0.00000651
aabb,1,2,4,6,1,3,6,9,    -0.00001684
aabb,0,2,4,8,0,3,8,9,    -0.00002797
aabb,1,3,7,9,2,3,7,9,    -0.00002543
aabb,0,2,7,8,0,2,5,6,     0.00001356
aabb,1,2,7,9,0,3,4,5,     0.00002734
aabb,0,2,4,5,0,3,5,9,    -0.00001628
aabb,0,3,6,9,0,2,7,9,     0.00002059
aabb,1,2,4,8,1,3,8,9,    -0.00002678
aabb,1,3,6,7,0,3,7,8,     0.00003837
aabb,1,2,7,9,0,2,5,9,    -0.00003054
aabb,1,3,8,9,1,2,5,9,    -0.00002605
aabb,1,3,7,8,0,3,6,7,     0.00003706
aabb,0,2,7,9,1,3,4,5,     0.00003753
aabb,1,2,4,7,0,3,5,9,     0.00006316
aabb,0,2,7,9,1,2,5,9,    -0.00003241
aabb,2,3,7,9,1,3,7,9,    -0.00002543
aabb,0,2,4,6,0,3,6,9,    -0.00001628
aabb,0,2,6,7,0,3,5,6,     0.00003754
aabb,1,2,4,5,1,3,5,9,    -0.00001684
aabb,1,2,7,8,1,2,5,6,     0.00001980
aabb,0,3,8,9,0,2,5,9,    -0.00002673
aabb,0,2,4,7,0,3,7,9,    -0.00002797
aabb,1,2,5,9,0,2,7,9,    -0.00003241
aabb,0,3,4,7,2,3,7,9,     0.00007084
aabb,1,2,6,9,0,2,8,9,    -0.00003241
aabb,0,3,5,7,2,3,5,6,    -0.00002304
aabb,1,2,7,9,2,3,5,9,    -0.00002592
aabb,0,2,6,9,1,2,8,9,    -0.00003054
aabb,2,3,7,9,0,3,4,7,     0.00007084
aabb,1,3,6,9,1,2,7,9,     0.00002015
aabb,2,3,5,6,0,3,5,7,    -0.00002304
aabb,0,3,7,8,0,3,5,6,     0.00002228
aabb,1,2,4,7,1,3,7,9,    -0.00002678
aabb,0,2,8,9,1,2,6,9,    -0.00003241
aabb,0,3,6,7,1,3,7,8,     0.00003706
aabb,0,2,5,9,1,2,7,9,    -0.00003054
aabb,1,3,7,8,1,3,5,6,     0.00001751
aabb,0,3,7,8,1,3,6,7,     0.00003837
aabb,0,2,4,7,1,3,5,9,     0.00006430
aabb,1,2,8,9,0,2,6,9,    -0.00003054
aabb,1,2,6,7,1,3,5,6,     0.00003834
aabb,1,2,4,5,2,3,4,8,     0.00003025
aabb,2,3,5,8,2,3,4,9,    -0.00019358
aabb,0,2,6,8,1,3,5,8,    -0.00001426
aabb,0,2,5,7,1,3,5,8,    -0.00001426
aabb,0,3,5,9,0,3,4,7,     0.00000938
aabb,0,2,5,9,0,2,4,7,     0.00000540
aabb,2,3,5,9,0,3,8,9,    -0.00002671
aabb,1,2,5,7,1,3,7,8,     0.00001115
aabb,0,2,4,8,0,2,6,9,     0.00000540
aabb,2,3,5,9,1,3,4,8,     0.00002051
aabb,2,3,6,7,2,3,4,9,     0.00019358
aabb,1,2,5,9,1,2,4,7,     0.00001163
aabb,2,3,5,7,1,3,5,8,    -0.00004072
aabb,1,2,5,6,2,3,6,8,     0.00000093
aabb,2,3,6,7,1,3,6,8,     0.00004072
aabb,0,2,8,9,0,2,4,6,     0.00000158
aabb,0,2,6,7,1,3,6,8,     0.00001426
aabb,0,2,5,8,2,3,6,8,     0.00004237
aabb,2,3,5,8,1,3,6,8,    -0.00004072
aabb,1,2,4,8,1,2,6,9,     0.00001163
aabb,0,2,4,7,1,2,7,9,    -0.00001771
aabb,1,2,5,7,2,3,7,8,    -0.00001048
aabb,2,3,4,5,1,3,8,9,     0.00004464
aabb,0,3,7,9,1,2,7,9,     0.00001747
aabb,2,3,4,6,2,3,4,5,     0.00000000
aabb,1,3,7,9,0,2,7,9,     0.00001383
aabb,0,3,8,9,0,3,4,6,     0.00000435
aabb,1,3,8,9,1,3,4,6,     0.00000143
aabb,0,2,7,9,1,2,4,7,    -0.00002018
aabb,1,3,5,9,1,3,4,7,     0.00000642
aabb,1,2,7,9,0,2,4,7,    -0.00001771
aabb,1,2,8,9,0,3,8,9,     0.00001747
aabb,1,2,4,7,0,2,7,9,    -0.00002018
aabb,0,2,5,7,2,3,5,8,     0.00004237
aabb,1,2,8,9,1,2,4,6,     0.00000721
aabb,0,2,5,7,0,3,7,8,     0.00001163
aabb,0,3,4,8,0,3,6,9,     0.00000938
aabb,0,2,6,8,2,3,5,8,     0.00004237
aabb,2,3,6,8,1,3,5,8,    -0.00004072
aabb,0,2,5,9,2,3,4,8,    -0.00002947
aabb,1,2,4,5,1,3,4,8,    -0.00000945
aabb,0,2,8,9,1,3,8,9,     0.00001383
aabb,1,3,4,8,1,3,6,9,     0.00000642
aabb,0,2,6,7,2,3,6,8,    -0.00004237
aabb,0,2,4,5,0,3,4,8,    -0.00000881
aabb,2,3,5,7,0,3,7,8,     0.00000843
aabb,0,2,5,8,1,3,6,8,    -0.00001426
aabb,2,3,4,5,2,3,4,6,     0.00000000
aabb,2,3,6,8,0,3,7,8,     0.00000843
aabb,1,2,4,6,0,2,4,8,    -0.00000211
aabb,0,2,6,9,2,3,4,7,     0.00002947
aabb,1,2,5,6,2,3,5,7,     0.00000093
aabb,0,2,4,6,0,3,4,7,     0.00000881
aabb,0,3,6,8,1,3,5,6,     0.00001761
aabb,0,3,5,6,2,3,6,8,    -0.00002095
aabb,2,3,6,8,0,3,5,6,    -0.00002095
aabb,1,3,5,7,2,3,5,8,    -0.00004072
aabb,1,2,4,6,1,3,4,7,     0.00000945
aabb,0,2,4,6,1,2,4,8,    -0.00000252
aabb,1,2,6,8,1,3,7,8,     0.00001115
aabb,1,3,6,7,2,3,5,7,     0.00004072
aabb,0,2,6,8,2,3,4,9,    -0.00003861
aabb,0,2,5,7,2,3,4,9,    -0.00003861
aabb,2,3,6,9,1,3,4,7,    -0.00002051
aabb,2,3,4,9,2,3,6,7,     0.00019358
aabb,0,2,5,8,1,3,5,7,    -0.00001426
aabb,0,2,5,7,2,3,6,7,    -0.00004237
aabb,1,2,4,7,0,2,4,5,    -0.00000252
aabb,0,2,8,9,2,3,4,5,    -0.00002404
aabb,2,3,6,7,0,2,5,7,    -0.00004237
aabb,2,3,6,9,0,3,7,9,     0.00002671
aabb,1,3,5,7,0,2,5,8,    -0.00001426
aabb,1,3,5,6,0,3,6,8,     0.00001761
aabb,1,2,6,8,2,3,7,8,    -0.00001048
aabb,1,3,4,9,2,3,6,8,    -0.00003453
aabb,0,2,4,8,1,2,4,6,    -0.00000211
aabb,0,2,5,8,2,3,5,7,     0.00004237
aabb,2,3,6,8,1,3,6,7,     0.00004072
aabb,0,2,6,8,2,3,6,7,    -0.00004237
aabb,0,2,4,9,2,3,6,8,    -0.00000776
aabb,2,3,5,8,1,3,5,7,    -0.00004072
aabb,0,2,4,5,1,2,4,7,    -0.00000252
aabb,2,3,4,8,1,3,5,9,     0.00003588
aabb,0,2,6,7,1,3,5,7,     0.00001426
aabb,1,3,6,7,0,2,5,7,     0.00001426
aabb,0,2,5,7,1,3,6,7,     0.00001426
aabb,2,3,6,7,1,3,5,7,     0.00004072
aabb,2,3,5,7,0,2,5,8,     0.00004237
aabb,2,3,4,6,1,3,7,9,    -0.00004464
aabb,0,3,5,6,1,3,6,8,     0.00001682
aabb,0,2,4,7,1,2,4,5,    -0.00000211
aabb,1,2,4,8,0,2,4,6,    -0.00000252
aabb,0,2,6,8,0,3,7,8,     0.00001163
aabb,0,2,6,7,2,3,5,7,    -0.00004237
aabb,1,3,6,8,0,3,5,6,     0.00001682
aabb,2,3,7,8,0,3,5,7,     0.00000466
aabb,0,2,6,8,1,3,6,7,     0.00001426
aabb,1,2,6,8,2,3,5,6,    -0.00000211
aabb,1,2,4,6,2,3,4,7,    -0.00003025
aabb,2,3,5,7,1,3,6,7,     0.00004072
aabb,1,2,4,5,0,2,4,7,    -0.00000211
aabb,1,2,4,8,2,3,4,5,     0.00003604
aabb,2,3,7,8,0,3,6,8,     0.00000466
aabb,2,3,5,6,1,2,6,8,    -0.00000211
aabb,2,3,4,5,1,2,4,8,     0.00003604
aabb,1,3,7,8,1,2,6,8,     0.00001115
aabb,2,3,4,7,0,2,6,9,     0.00002947
aabb,2,3,5,7,1,2,5,6,     0.00000093
aabb,2,3,5,7,0,2,6,7,    -0.00004237
aabb,1,3,4,7,1,3,5,9,     0.00000642
aabb,1,3,6,7,0,2,6,8,     0.00001426
aabb,2,3,7,8,1,2,6,8,    -0.00001048
aabb,2,3,4,7,1,3,6,9,    -0.00003588
aabb,1,3,4,7,1,2,4,6,     0.00000945
aabb,0,3,5,7,2,3,7,8,     0.00000466
aabb,1,3,6,7,2,3,6,8,     0.00004072
aabb,2,3,4,7,1,2,4,6,    -0.00003025
aabb,0,3,4,7,0,2,4,6,     0.00000881
aabb,0,2,4,7,0,2,5,9,     0.00000540
aabb,1,2,4,7,2,3,4,6,    -0.00003604
aabb,0,3,7,9,2,3,6,9,     0.00002671
aabb,0,2,7,9,2,3,4,6,     0.00002404
aabb,1,3,4,7,2,3,6,9,    -0.00002051
aabb,1,3,7,9,2,3,4,6,    -0.00004464
aabb,1,2,4,7,1,2,5,9,     0.00001163
aabb,0,3,7,8,0,2,6,8,     0.00001163
aabb,2,3,5,7,1,3,4,9,    -0.00003453
aabb,1,3,5,7,0,2,6,7,     0.00001426
aabb,1,2,5,7,2,3,5,6,    -0.00000211
aabb,0,3,7,8,2,3,6,8,     0.00000843
aabb,2,3,6,7,0,2,6,8,    -0.00004237
aabb,1,3,5,7,2,3,6,7,     0.00004072
aabb,0,3,4,7,0,3,5,9,     0.00000938
aabb,2,3,5,7,0,2,4,9,    -0.00000776
aabb,2,3,4,5,0,2,8,9,    -0.00002404
aabb,1,3,5,9,2,3,4,8,     0.00003588
aabb,0,2,4,8,1,2,8,9,    -0.00001771
aabb,1,2,6,8,0,2,5,6,     0.00001015
aabb,0,2,7,8,1,3,7,8,     0.00000411
aabb,0,2,6,8,1,2,5,6,     0.00001057
aabb,2,3,4,9,0,2,5,7,    -0.00003861
aabb,1,2,5,6,0,2,6,8,     0.00001057
aabb,0,2,7,9,0,2,4,5,     0.00000158
aabb,2,3,6,8,1,3,4,9,    -0.00003453
aabb,1,3,6,8,0,2,6,7,     0.00001426
aabb,0,2,5,6,1,2,6,8,     0.00001015
aabb,1,2,4,6,1,2,8,9,     0.00000721
aabb,1,2,5,7,0,2,5,6,     0.00001015
aabb,1,3,7,9,1,3,4,5,     0.00000143
aabb,0,3,8,9,1,2,8,9,     0.00001747
aabb,1,2,7,8,0,3,7,8,     0.00001030
aabb,0,3,7,9,0,3,4,5,     0.00000435
aabb,1,3,6,8,2,3,6,7,     0.00004072
aabb,0,2,5,7,1,2,5,6,     0.00001057
aabb,2,3,6,8,0,2,4,9,    -0.00000776
aabb,0,3,4,6,0,3,8,9,     0.00000435
aabb,2,3,4,9,2,3,5,8,    -0.00019358
aabb,1,3,8,9,0,2,8,9,     0.00001383
aabb,1,3,5,8,0,2,6,8,    -0.00001426
aabb,1,3,4,6,1,3,8,9,     0.00000143
aabb,1,3,7,8,0,2,7,8,     0.00000411
aabb,1,2,5,6,0,2,5,7,     0.00001057
aabb,0,2,8,9,1,2,4,8,    -0.00002018
aabb,1,3,5,8,2,3,6,8,    -0.00004072
aabb,2,3,4,9,0,2,6,8,    -0.00003861
aabb,2,3,5,6,1,2,5,7,    -0.00000211
aabb,2,3,6,8,0,2,6,7,    -0.00004237
aabb,2,3,6,8,1,2,5,6,     0.00000093
aabb,1,2,7,9,1,2,4,5,     0.00000721
aabb,0,3,7,8,1,2,7,8,     0.00001030
aabb,1,2,8,9,0,2,4,8,    -0.00001771
aabb,2,3,5,8,0,2,6,8,     0.00004237
aabb,0,2,5,6,1,2,5,7,     0.00001015
aabb,1,2,4,8,0,2,8,9,    -0.00002018
aabb,0,2,4,6,0,2,8,9,     0.00000158
aabb,0,2,4,5,0,2,7,9,     0.00000158
aabb,1,3,6,9,1,3,4,8,     0.00000642
aabb,1,2,4,5,1,2,7,9,     0.00000721
aabb,0,3,5,6,1,3,5,7,     0.00001682
aabb,1,3,5,7,0,3,5,6,     0.00001682
aabb,2,3,4,8,0,2,5,9,    -0.00002947
aabb,0,3,7,8,0,2,5,7,     0.00001163
aabb,2,3,5,8,0,2,5,7,     0.00004237
aabb,1,3,5,8,0,2,5,7,    -0.00001426
aabb,1,3,4,5,1,3,7,9,     0.00000143
aabb,0,3,5,6,2,3,5,7,    -0.00002095
aabb,1,3,4,9,2,3,5,7,    -0.00003453
aabb,0,2,4,9,2,3,5,7,    -0.00000776
aabb,2,3,4,6,1,2,4,7,    -0.00003604
aabb,2,3,6,8,0,2,5,8,     0.00004237
aabb,1,2,6,9,1,2,4,8,     0.00001163
aabb,0,3,8,9,2,3,5,9,    -0.00002671
aabb,2,3,4,8,1,2,4,5,     0.00003025
aabb,0,3,4,5,0,3,7,9,     0.00000435
aabb,0,3,6,8,2,3,7,8,     0.00000466
aabb,1,3,6,9,2,3,4,7,    -0.00003588
aabb,1,3,5,8,2,3,5,7,    -0.00004072
aabb,1,3,8,9,2,3,4,5,     0.00004464
aabb,1,3,6,8,0,2,5,8,    -0.00001426
aabb,0,3,4,8,0,2,4,5,    -0.00000881
aabb,1,2,7,9,0,3,7,9,     0.00001747
aabb,1,3,6,8,2,3,5,8,    -0.00004072
aabb,0,2,7,9,1,3,7,9,     0.00001383
aabb,0,3,7,8,2,3,5,7,     0.00000843
aabb,1,3,5,6,0,3,5,7,     0.00001761
aabb,1,3,4,8,1,2,4,5,    -0.00000945
aabb,1,3,4,8,2,3,5,9,     0.00002051
aabb,1,3,7,8,1,2,5,7,     0.00001115
aabb,2,3,4,6,0,2,7,9,     0.00002404
aabb,0,3,6,9,0,3,4,8,     0.00000938
aabb,2,3,5,7,0,3,5,6,    -0.00002095
aabb,0,3,5,7,1,3,5,6,     0.00001761
aabb,2,3,7,8,1,2,5,7,    -0.00001048
aabb,0,2,6,9,0,2,4,8,     0.00000540
aabb,0,1,5,8,0,2,5,8,    -0.00000170
aabb,0,3,5,8,0,1,5,6,    -0.00000018
aabb,1,3,4,8,2,3,4,7,     0.00000000
aabb,0,2,7,9,0,1,4,6,    -0.00000025
aabb,0,2,8,9,0,2,4,5,     0.00000025
aabb,0,3,8,9,0,2,4,7,     0.00000000
aabb,0,1,5,9,1,2,8,9,    -0.00000037
aabb,0,3,6,7,0,1,5,6,     0.00000018
aabb,1,2,5,8,1,2,5,7,    -0.00000344
aabb,0,3,6,9,2,3,7,9,     0.00002002
aabb,0,1,4,8,0,3,8,9,    -0.00000024
aabb,0,1,4,5,0,1,4,5,    -0.00000006
aabb,0,3,5,9,1,3,4,6,    -0.00000000
aabb,0,3,6,7,0,3,5,7,     0.00000394
aabb,0,3,4,6,2,3,5,9,     0.00000000
aabb,1,2,4,7,0,2,4,6,     0.00000040
aabb,2,3,8,9,0,3,5,9,    -0.00002002
aabb,1,3,5,9,0,1,6,9,    -0.00000000
aabb,1,3,7,8,0,3,6,8,     0.00000582
aabb,0,3,5,7,0,3,6,8,    -0.00000110
aabb,1,2,4,7,2,3,8,9,     0.00000000
aabb,2,3,4,9,0,1,5,8,     0.00000032
aabb,0,1,7,9,2,3,4,5,     0.00000581
aabb,1,3,4,6,2,3,4,5,     0.00000000
aabb,1,3,5,8,1,3,6,8,    -0.00000319
aabb,0,3,4,5,2,3,6,9,    -0.00000000
aabb,0,1,5,6,0,3,5,8,    -0.00000018
aabb,1,2,4,8,2,3,7,9,    -0.00000000
aabb,0,3,6,9,0,1,7,9,    -0.00000038
aabb,1,2,6,9,1,3,4,6,     0.00000259
aabb,0,3,4,6,0,1,4,7,     0.00000003
aabb,0,1,4,7,0,3,7,9,    -0.00000024
aabb,2,3,7,9,0,3,4,8,     0.00000000
aabb,1,2,4,8,0,1,7,9,    -0.00000000
aabb,0,3,5,8,0,3,5,7,    -0.00000394
aabb,2,3,4,5,0,1,4,5,    -0.00000476
aabb,0,2,4,6,1,3,4,5,    -0.00000000
aabb,1,3,4,5,1,2,6,9,    -0.00000000
aabb,0,3,4,8,1,3,7,9,     0.00000000
aabb,1,2,6,9,0,3,5,9,    -0.00000000
aabb,0,1,6,9,2,3,5,9,     0.00000000
aabb,0,1,4,6,1,2,4,7,    -0.00000012
aabb,0,3,4,9,2,3,7,8,     0.00000000
aabb,1,3,4,5,1,3,8,9,     0.00000022
aabb,1,3,4,8,0,2,5,9,     0.00000681
aabb,0,1,6,7,0,2,6,7,    -0.00000170
aabb,0,2,7,8,1,2,6,8,     0.00000316
aabb,0,2,5,7,0,1,5,8,    -0.00000027
aabb,0,3,5,9,1,2,6,9,    -0.00000000
aabb,2,3,5,8,0,1,4,9,     0.00000026
aabb,0,1,4,5,1,3,4,5,    -0.00000051
aabb,0,1,6,9,1,3,4,7,     0.00000023
aabb,0,1,7,8,1,2,6,8,     0.00000008
aabb,0,1,6,7,0,2,5,7,     0.00000027
aabb,0,1,7,9,2,3,4,6,    -0.00000091
aabb,1,2,8,9,0,1,4,8,    -0.00000049
aabb,2,3,5,8,0,1,6,8,    -0.00000095
aabb,0,1,5,9,1,2,4,5,     0.00000055
aabb,1,2,7,8,0,1,6,7,     0.00000023
aabb,0,1,8,9,2,3,7,9,     0.00000000
aabb,0,1,7,9,0,2,8,9,     0.00000000
aabb,2,3,5,9,1,2,8,9,    -0.00000407
aabb,0,3,4,7,0,3,4,8,    -0.00000000
aabb,0,3,8,9,0,1,6,9,     0.00000271
aabb,1,2,5,9,0,3,6,9,     0.00000000
aabb,2,3,4,7,1,2,8,9,    -0.00000000
aabb,0,2,4,6,0,1,4,5,    -0.00000000
aabb,0,2,8,9,0,1,8,9,    -0.00000366
aabb,0,1,7,9,1,2,4,7,    -0.00000059
aabb,1,3,4,7,0,2,6,9,    -0.00000681
aabb,2,3,4,8,0,1,4,8,    -0.00000514
aabb,0,2,4,8,1,3,5,9,     0.00001009
aabb,0,1,6,7,1,3,5,8,     0.00000147
aabb,0,3,4,6,0,2,6,9,     0.00000135
aabb,1,3,5,7,0,3,7,8,     0.00000602
aabb,0,1,4,6,2,3,4,6,    -0.00000476
aabb,0,1,4,8,1,3,5,9,    -0.00000017
aabb,0,1,4,7,0,2,6,9,    -0.00000026
aabb,0,2,5,9,0,2,4,8,     0.00000085
aabb,0,1,6,9,0,1,4,7,     0.00000005
aabb,1,3,4,9,1,3,6,7,    -0.00000078
aabb,0,1,7,8,1,3,7,8,     0.00000263
aabb,0,1,4,6,0,2,8,9,     0.00000158
aabb,1,2,5,6,0,1,5,7,    -0.00000006
aabb,2,3,4,9,1,3,5,8,     0.00000078
aabb,1,3,8,9,0,2,7,9,    -0.00000000
aabb,1,3,4,7,0,1,4,7,    -0.00000009
aabb,0,1,4,8,1,2,8,9,    -0.00000049
aabb,0,1,8,9,0,1,4,5,    -0.00000003
aabb,1,2,6,7,0,3,6,8,     0.00001331
aabb,1,3,4,9,1,3,5,7,     0.00000499
aabb,1,2,4,8,1,3,7,9,    -0.00000000
aabb,0,1,4,7,1,3,4,7,    -0.00000009
aabb,0,2,4,6,1,2,5,9,     0.00000000
aabb,0,1,6,9,1,2,8,9,    -0.00000237
aabb,0,1,5,8,2,3,5,7,    -0.00000095
aabb,0,1,5,6,0,1,7,8,    -0.00000055
aabb,0,2,7,8,0,1,7,8,    -0.00000248
aabb,0,1,5,8,0,1,5,7,     0.00000009
aabb,0,1,4,7,0,1,4,7,    -0.00000009
aabb,0,2,6,8,0,2,5,7,    -0.00000063
aabb,2,3,6,8,1,2,7,8,    -0.00000730
aabb,0,1,4,6,2,3,4,5,    -0.00000000
aabb,1,2,5,7,1,2,5,8,    -0.00000344
aabb,0,3,4,8,2,3,7,9,     0.00000000
aabb,0,3,4,6,1,2,4,5,    -0.00000000
aabb,0,1,5,9,0,3,8,9,     0.00000043
aabb,0,3,6,9,1,3,4,5,     0.00000000
aabb,1,2,6,9,0,1,4,5,    -0.00000000
aabb,2,3,4,5,1,3,4,6,     0.00000000
aabb,1,2,7,8,1,3,4,9,    -0.00000000
aabb,1,2,4,6,0,3,7,9,    -0.00001236
aabb,2,3,8,9,0,2,7,9,     0.00000000
aabb,0,3,5,9,0,1,4,5,    -0.00000086
aabb,0,1,4,7,2,3,5,9,     0.00000426
aabb,0,2,6,8,0,2,6,7,     0.00000238
aabb,0,2,5,9,0,1,6,9,    -0.00000000
aabb,1,3,5,6,1,2,4,9,    -0.00000000
aabb,2,3,4,9,0,2,6,7,     0.00000606
aabb,1,3,4,5,1,2,5,9,     0.00000259
aabb,1,3,4,9,0,3,5,6,    -0.00000000
aabb,1,2,5,7,0,3,6,7,     0.00001331
aabb,0,1,5,8,0,2,6,8,    -0.00000027
aabb,0,3,4,8,0,1,7,9,     0.00000000
aabb,0,1,7,8,0,3,6,8,    -0.00000004
aabb,1,3,6,9,0,2,4,7,    -0.00001009
aabb,1,2,5,8,0,3,4,9,    -0.00000036
aabb,0,1,6,7,0,1,5,8,     0.00000055
aabb,0,2,5,6,0,1,7,8,     0.00000179
aabb,0,1,4,6,0,2,4,6,    -0.00000039
aabb,1,3,6,9,0,1,6,9,     0.00000146
aabb,0,1,6,9,1,2,4,5,     0.00000000
aabb,1,2,4,5,2,3,6,9,    -0.00000000
aabb,1,2,5,6,1,3,4,9,     0.00000000
aabb,0,1,5,9,1,3,5,9,     0.00000146
aabb,0,3,4,6,0,1,5,9,     0.00000000
aabb,1,3,7,8,1,2,4,9,    -0.00000000
aabb,1,3,4,5,1,3,4,6,    -0.00000000
aabb,0,3,5,7,1,2,6,8,     0.00000341
aabb,0,2,5,7,0,2,6,7,     0.00000238
aabb,1,3,4,6,1,2,4,7,     0.00000749
aabb,1,3,5,7,1,2,7,8,     0.00000861
aabb,0,2,6,7,2,3,4,9,     0.00000606
aabb,0,3,5,9,1,2,5,9,    -0.00000049
aabb,0,2,4,9,1,3,6,7,     0.00000094
aabb,1,3,4,7,0,1,5,9,    -0.00000145
aabb,0,3,6,8,1,2,5,7,     0.00000341
aabb,1,2,4,9,1,2,6,7,    -0.00000069
aabb,1,3,4,9,0,3,7,8,     0.00000000
aabb,0,1,4,6,2,3,8,9,     0.00000408
aabb,2,3,4,6,0,1,4,6,    -0.00000476
aabb,1,3,5,7,2,3,6,8,     0.00000457
aabb,1,2,6,8,1,2,4,9,     0.00000442
aabb,0,1,4,7,0,1,5,9,    -0.00000032
aabb,0,3,5,7,1,3,7,8,     0.00000582
aabb,0,1,8,9,1,3,4,5,    -0.00000019
aabb,1,3,5,9,0,2,4,8,     0.00001009
aabb,2,3,4,7,0,1,5,9,     0.00000586
aabb,2,3,6,9,1,3,5,9,     0.00000000
aabb,1,2,6,9,1,2,5,9,    -0.00000000
aabb,1,3,6,8,1,2,5,6,     0.00000775
aabb,2,3,4,9,1,3,6,8,     0.00000495
aabb,0,1,4,5,2,3,7,9,     0.00000408
aabb,0,1,4,5,0,1,7,9,    -0.00000022
aabb,1,2,6,9,0,3,4,7,    -0.00000485
aabb,0,2,6,9,0,2,5,9,    -0.00000000
aabb,2,3,6,8,1,3,5,7,     0.00000457
aabb,0,2,6,7,0,1,6,8,     0.00000027
aabb,2,3,7,8,0,1,7,8,    -0.00000619
aabb,1,3,6,9,1,3,5,9,    -0.00000000
aabb,0,3,6,9,0,3,4,7,    -0.00000147
aabb,1,2,4,8,0,3,4,7,    -0.00000000
aabb,1,2,4,8,1,2,5,9,     0.00000183
aabb,0,2,5,9,1,3,4,8,     0.00000681
aabb,0,1,6,7,1,2,5,6,    -0.00000038
aabb,0,1,6,9,0,3,8,9,     0.00000271
aabb,0,2,4,6,1,3,7,9,    -0.00001177
aabb,1,2,4,5,0,1,4,8,     0.00000012
aabb,0,3,5,6,0,1,6,7,     0.00000005
aabb,0,3,5,7,0,3,5,8,    -0.00000394
aabb,0,1,4,7,1,2,4,5,     0.00000074
aabb,1,2,4,6,0,1,4,7,    -0.00000012
aabb,0,3,6,9,1,2,5,9,     0.00000000
aabb,1,3,7,9,1,2,4,8,    -0.00000000
aabb,1,2,7,9,2,3,6,9,     0.00000407
aabb,1,3,5,7,0,1,6,7,    -0.00000023
aabb,2,3,4,6,0,2,4,5,    -0.00000000
aabb,0,1,4,8,0,1,6,9,    -0.00000032
aabb,1,2,5,9,2,3,8,9,    -0.00000109
aabb,2,3,8,9,1,3,4,5,     0.00001640
aabb,1,3,6,8,0,1,5,8,     0.00000023
aabb,1,2,4,6,2,3,5,9,     0.00000000
aabb,0,1,7,9,0,3,6,9,    -0.00000038
aabb,2,3,6,9,0,1,5,9,    -0.00000000
aabb,0,3,7,8,1,3,6,8,     0.00000602
aabb,0,3,6,8,0,3,4,9,     0.00000503
aabb,1,3,4,8,0,1,4,8,    -0.00000009
aabb,1,2,5,9,0,2,4,6,     0.00000000
aabb,1,2,5,7,1,2,6,8,    -0.00000078
aabb,0,1,5,9,1,3,4,8,    -0.00000023
aabb,1,2,6,8,0,3,5,8,    -0.00001331
aabb,1,3,5,9,0,3,8,9,     0.00000011
aabb,0,3,6,7,1,2,5,7,     0.00001331
aabb,0,2,4,9,0,2,5,8,     0.00000060
aabb,0,2,7,8,0,3,6,8,     0.00000899
aabb,0,2,6,8,0,1,5,8,    -0.00000027
aabb,2,3,4,7,0,1,4,7,    -0.00000514
aabb,0,3,6,8,0,2,7,8,     0.00000899
aabb,1,3,8,9,1,3,7,9,    -0.00000000
aabb,0,1,7,8,0,2,5,6,     0.00000179
aabb,0,1,5,8,1,3,6,7,     0.00000147
aabb,1,2,8,9,2,3,4,7,    -0.00000000
aabb,0,3,4,5,0,1,4,8,    -0.00000003
aabb,2,3,6,9,1,2,4,5,    -0.00000000
aabb,0,2,4,8,1,3,4,7,    -0.00000000
aabb,1,2,7,8,0,1,5,7,     0.00000004
aabb,0,1,6,9,1,3,5,9,    -0.00000000
aabb,0,1,4,5,1,3,7,9,    -0.00000126
aabb,1,3,4,5,0,1,4,5,    -0.00000051
aabb,0,2,4,7,2,3,6,9,     0.00003232
aabb,0,1,4,7,1,2,8,9,    -0.00000000
aabb,1,2,7,8,0,2,6,8,     0.00000309
aabb,1,2,6,7,1,2,6,8,     0.00000344
aabb,0,2,4,5,1,3,4,6,     0.00000000
aabb,0,2,4,8,2,3,5,9,    -0.00003232
aabb,0,2,8,9,0,3,4,8,    -0.00000458
aabb,2,3,6,8,0,1,6,7,     0.00000095
aabb,1,3,7,9,0,1,7,9,     0.00000430
aabb,0,1,4,8,1,2,4,6,     0.00000074
aabb,0,2,4,8,0,1,4,7,    -0.00000000
aabb,2,3,6,7,0,1,4,9,    -0.00000026
aabb,2,3,7,9,0,2,8,9,    -0.00000000
aabb,2,3,4,9,1,2,5,6,    -0.00000000
aabb,0,3,4,7,0,1,8,9,    -0.00000000
aabb,2,3,4,6,0,1,8,9,     0.00000581
aabb,1,2,4,7,0,3,6,9,    -0.00000991
aabb,2,3,8,9,0,1,4,5,     0.00000064
aabb,0,2,5,9,1,2,4,6,     0.00000000
aabb,0,1,5,6,1,2,5,8,     0.00000049
aabb,2,3,6,7,0,1,6,8,     0.00000095
aabb,0,1,5,8,0,2,4,9,     0.00000000
aabb,1,3,5,8,0,1,5,8,     0.00000099
aabb,1,2,5,7,0,3,5,8,    -0.00001331
aabb,1,2,4,6,0,1,5,9,    -0.00000000
aabb,1,3,4,7,1,2,8,9,    -0.00000000
aabb,0,2,5,8,0,2,4,9,     0.00000060
aabb,1,2,7,8,2,3,5,7,    -0.00000730
aabb,1,2,4,8,0,1,4,5,     0.00000012
aabb,2,3,5,6,1,2,4,9,     0.00000000
aabb,0,1,5,6,0,3,6,7,     0.00000018
aabb,0,1,6,7,1,3,6,8,    -0.00000023
aabb,0,3,5,9,1,3,8,9,    -0.00000006
aabb,0,1,6,8,0,1,4,9,    -0.00000010
aabb,0,3,4,6,0,3,7,9,    -0.00000068
aabb,1,2,4,9,0,2,7,8,     0.00000000
aabb,0,1,4,8,1,3,4,8,    -0.00000009
aabb,1,3,6,8,0,2,5,7,     0.00000343
aabb,1,2,4,8,1,3,4,5,    -0.00000749
aabb,1,3,5,9,1,3,4,8,     0.00000101
aabb,0,3,5,7,0,1,7,8,    -0.00000004
aabb,0,2,4,5,1,2,6,9,    -0.00000000
aabb,0,3,4,8,0,3,4,7,    -0.00000000
aabb,0,1,6,8,0,1,6,8,     0.00000082
aabb,1,2,4,6,1,2,4,5,    -0.00000000
aabb,1,2,5,6,0,1,6,7,    -0.00000038
aabb,0,2,4,8,0,1,5,9,     0.00000024
aabb,2,3,5,9,1,2,4,6,     0.00000000
aabb,0,2,7,9,0,1,8,9,    -0.00000000
aabb,0,1,6,9,1,3,4,8,    -0.00000145
aabb,1,2,5,9,2,3,4,6,    -0.00000000
aabb,0,2,4,6,2,3,7,9,     0.00003047
aabb,1,3,6,7,0,1,5,7,    -0.00000023
aabb,0,1,6,8,2,3,4,9,     0.00000204
aabb,0,2,6,8,0,1,4,9,     0.00000013
aabb,2,3,8,9,1,2,5,9,    -0.00000109
aabb,0,3,4,8,1,2,5,9,     0.00000485
aabb,1,2,8,9,0,2,5,9,    -0.00000479
aabb,0,1,4,9,2,3,4,9,    -0.00001344
aabb,0,1,8,9,1,2,4,8,    -0.00000059
aabb,0,2,6,8,0,1,6,8,    -0.00000338
aabb,0,2,6,9,0,1,4,8,     0.00000164
aabb,0,1,4,9,0,1,6,8,    -0.00000010
aabb,0,1,4,9,0,1,4,9,     0.00000108
aabb,1,2,7,9,2,3,4,8,     0.00000000
aabb,0,2,4,6,0,1,7,9,    -0.00000022
aabb,0,3,6,9,1,2,6,9,    -0.00000049
aabb,1,2,5,9,0,2,8,9,    -0.00000509
aabb,0,3,6,9,0,3,5,9,    -0.00000000
aabb,0,2,8,9,1,2,4,7,    -0.00000000
aabb,0,1,4,7,1,3,5,9,    -0.00000105
aabb,1,3,6,8,1,3,5,8,    -0.00000319
aabb,1,3,4,5,0,1,7,9,    -0.00000123
aabb,0,1,4,6,0,3,6,9,    -0.00000086
aabb,2,3,8,9,0,3,4,7,    -0.00000000
aabb,0,1,7,9,2,3,8,9,    -0.00000000
aabb,2,3,5,9,0,1,6,9,     0.00000000
aabb,0,3,4,9,0,3,6,7,    -0.00000079
aabb,0,2,5,7,0,1,6,8,     0.00000002
aabb,0,3,4,7,0,1,4,6,     0.00000008
aabb,1,2,5,7,0,1,7,8,     0.00000008
aabb,0,1,5,9,1,2,4,6,    -0.00000000
aabb,1,3,4,8,1,2,7,9,     0.00000000
aabb,0,3,5,6,1,3,4,9,    -0.00000000
aabb,0,3,7,8,0,1,5,8,     0.00000038
aabb,1,2,4,9,1,2,5,7,     0.00000442
aabb,0,1,5,7,2,3,6,7,     0.00000095
aabb,0,1,8,9,1,3,7,9,    -0.00000000
aabb,2,3,6,9,0,1,4,7,    -0.00000067
aabb,2,3,6,7,0,1,5,8,    -0.00000528
aabb,1,2,4,7,0,1,4,6,    -0.00000012
aabb,1,3,5,9,1,2,4,6,    -0.00000000
aabb,2,3,4,5,0,1,7,9,     0.00000581
aabb,0,3,6,8,1,2,6,7,     0.00001331
aabb,1,3,5,7,1,3,4,9,     0.00000499
aabb,0,3,4,9,1,2,5,8,    -0.00000036
aabb,2,3,5,7,1,3,6,8,     0.00000457
aabb,0,2,4,8,1,2,4,5,    -0.00000033
aabb,2,3,5,8,0,1,5,8,    -0.00000548
aabb,0,2,4,5,1,3,8,9,     0.00001177
aabb,0,3,4,8,0,1,4,5,    -0.00000008
aabb,0,3,6,7,0,3,4,9,    -0.00000079
aabb,0,2,5,7,0,1,4,9,     0.00000013
aabb,1,3,6,7,1,3,4,9,    -0.00000078
aabb,1,2,4,9,1,3,5,6,    -0.00000000
aabb,0,1,7,8,1,2,4,9,    -0.00000000
aabb,1,3,6,9,0,3,8,9,     0.00000070
aabb,0,1,5,6,2,3,7,8,     0.00000516
aabb,2,3,6,9,2,3,5,9,    -0.00000000
aabb,0,1,7,9,0,2,4,6,    -0.00000022
aabb,1,3,4,7,0,3,8,9,    -0.00000000
aabb,1,2,6,9,0,2,7,9,     0.00000509
aabb,1,3,4,6,0,1,8,9,    -0.00000123
aabb,1,2,4,6,1,3,5,9,    -0.00000000
aabb,1,3,6,9,2,3,5,9,    -0.00000000
aabb,0,1,4,6,0,1,4,6,    -0.00000006
aabb,1,3,6,7,1,3,5,7,     0.00000319
aabb,1,3,8,9,1,3,4,5,     0.00000022
aabb,0,3,8,9,1,2,4,5,     0.00001236
aabb,1,2,5,6,1,3,5,7,     0.00000775
aabb,0,3,5,6,0,1,5,7,     0.00000001
aabb,0,3,4,5,0,2,5,9,     0.00000135
aabb,0,3,4,9,0,3,5,8,     0.00000079
aabb,1,3,5,7,0,1,5,7,     0.00000243
aabb,1,3,5,9,0,1,5,9,     0.00000146
aabb,1,3,5,6,1,2,6,8,     0.00000602
aabb,1,3,7,9,0,1,4,5,    -0.00000126
aabb,1,3,6,9,0,1,4,7,     0.00000017
aabb,0,3,4,8,0,3,5,9,     0.00000147
aabb,1,3,6,9,1,3,4,7,    -0.00000101
aabb,0,2,4,5,0,1,7,9,     0.00000143
aabb,1,2,6,7,0,1,7,8,     0.00000048
aabb,0,1,6,9,0,1,6,9,     0.00000042
aabb,0,1,6,8,0,1,5,8,     0.00000009
aabb,2,3,7,9,0,3,6,9,     0.00002002
aabb,2,3,8,9,1,3,7,9,     0.00000000
aabb,1,3,4,9,0,1,5,7,     0.00000013
aabb,0,3,5,6,0,2,6,8,     0.00000589
aabb,0,1,4,8,0,3,4,6,    -0.00000016
aabb,1,3,4,9,0,2,6,8,    -0.00000234
aabb,0,1,4,8,1,3,6,9,    -0.00000105
aabb,2,3,4,7,0,2,4,8,     0.00000000
aabb,0,1,5,8,1,3,5,7,     0.00000023
aabb,0,1,5,8,0,3,5,6,    -0.00000005
aabb,2,3,5,7,0,1,5,8,    -0.00000095
aabb,1,2,4,8,0,2,7,9,     0.00000000
aabb,0,2,5,9,1,2,8,9,    -0.00000479
aabb,1,3,5,7,0,2,6,8,     0.00000343
aabb,0,1,5,8,1,2,7,8,    -0.00000023
aabb,0,2,6,9,1,2,7,9,     0.00000479
aabb,0,2,6,9,0,3,4,5,     0.00000000
aabb,0,2,5,9,1,3,5,9,    -0.00000410
aabb,1,2,5,9,0,3,4,8,     0.00000485
aabb,0,1,7,8,2,3,7,8,    -0.00000619
aabb,0,3,5,7,0,3,6,7,     0.00000394
aabb,1,2,4,7,0,1,8,9,     0.00000000
aabb,0,1,5,8,2,3,6,8,    -0.00000095
aabb,0,1,4,8,0,2,4,8,    -0.00000148
aabb,0,1,6,9,1,2,4,6,     0.00000055
aabb,0,3,7,8,2,3,4,9,     0.00000000
aabb,0,2,5,6,0,3,6,8,     0.00000750
aabb,0,1,5,9,0,2,4,7,     0.00000151
aabb,1,3,4,7,1,3,4,8,    -0.00000000
aabb,1,2,5,7,0,3,6,8,     0.00000341
aabb,0,3,4,7,0,3,6,9,    -0.00000147
aabb,1,3,6,9,0,2,6,9,    -0.00000410
aabb,0,1,5,7,1,2,5,6,    -0.00000006
aabb,0,3,6,9,1,3,8,9,    -0.00000040
aabb,1,2,7,9,0,1,4,8,     0.00000000
aabb,0,3,8,9,0,1,5,9,     0.00000043
aabb,2,3,6,8,0,1,5,7,    -0.00000064
aabb,0,1,8,9,0,2,7,9,    -0.00000000
aabb,0,1,5,6,1,2,4,9,     0.00000000
aabb,0,3,4,9,1,3,7,8,     0.00000000
aabb,0,3,5,7,1,2,5,8,    -0.00001331
aabb,0,3,7,8,0,1,6,8,    -0.00000006
aabb,0,3,5,9,1,3,7,9,    -0.00000040
aabb,1,3,4,5,1,2,4,8,    -0.00000749
aabb,0,3,4,9,1,2,6,8,    -0.00000231
aabb,1,3,4,6,0,2,4,5,     0.00000000
aabb,0,1,4,7,1,3,4,8,    -0.00000000
aabb,0,2,7,9,0,3,4,8,     0.00000000
aabb,1,3,8,9,0,1,7,9,     0.00000000
aabb,1,3,8,9,2,3,7,9,    -0.00000000
aabb,0,3,8,9,1,3,5,9,     0.00000011
aabb,0,1,5,9,1,3,6,9,     0.00000000
aabb,1,2,4,8,0,3,5,9,     0.00000991
aabb,0,3,4,6,0,2,4,7,     0.00000716
aabb,0,2,4,9,0,2,6,8,     0.00000381
aabb,1,3,4,6,0,1,4,6,    -0.00000051
aabb,2,3,5,7,0,1,6,8,    -0.00000064
aabb,0,1,5,7,0,2,6,7,     0.00000027
aabb,2,3,8,9,2,3,7,9,    -0.00000000
aabb,1,3,6,9,1,2,4,5,     0.00000000
aabb,1,2,7,8,0,2,4,9,    -0.00000000
aabb,0,1,6,8,0,2,5,7,     0.00000002
aabb,0,1,5,9,0,3,4,6,     0.00000000
aabb,0,1,6,7,2,3,6,7,    -0.00000548
aabb,1,3,4,9,0,2,5,8,    -0.00000037
aabb,0,1,4,9,1,3,5,8,    -0.00000002
aabb,1,3,6,7,0,1,6,7,     0.00000099
aabb,0,1,4,6,0,1,8,9,    -0.00000022
aabb,0,2,5,9,0,1,5,9,    -0.00000251
aabb,0,1,4,7,1,2,4,6,    -0.00000012
aabb,1,2,6,8,0,1,7,8,     0.00000008
aabb,1,3,7,8,0,1,7,8,     0.00000263
aabb,1,3,6,8,0,1,6,8,     0.00000243
aabb,0,1,6,8,1,3,5,8,     0.00000023
aabb,0,1,4,9,0,2,5,7,     0.00000013
aabb,1,3,6,8,0,1,4,9,    -0.00000014
aabb,0,1,5,7,1,3,5,8,     0.00000023
