4
0 0 1 0 0 1 -1.86650737638511e-01
0 0 1 0 0 3 2.39137066952235e-02
0 0 1 0 1 0 -1.86650737638511e-01
0 0 1 0 1 2 -6.82109262124451e-02
0 0 1 0 2 1 -6.82109262124451e-02
0 0 1 0 2 3 -1.03135620080956e-02
0 0 1 0 3 0 2.39137066952235e-02
0 0 1 0 3 2 -1.03135620080956e-02
0 0 1 1 0 0 3.73301475277022e-01
0 0 1 1 0 2 1.91152356313202e-01
0 0 1 1 1 3 1.66685392614491e-02
0 0 1 1 2 0 1.91152356313202e-01
0 0 1 1 2 2 -9.55600264459887e-02
0 0 1 1 3 1 1.66685392614491e-02
0 0 1 1 3 3 2.50031017128076e-02
0 0 1 2 0 1 -1.22941430100757e-01
0 0 1 2 0 3 -5.13619206569416e-02
0 0 1 2 1 0 -1.22941430100757e-01
0 0 1 2 1 2 4.77800132229943e-02
0 0 1 2 2 1 4.77800132229943e-02
0 0 1 2 2 3 -3.92638500034234e-03
0 0 1 2 3 0 -5.13619206569416e-02
0 0 1 2 3 2 -3.92638500034234e-03
0 0 1 3 0 0 -4.78274133904470e-02
0 0 1 3 0 2 6.16754826650372e-02
0 0 1 3 1 1 -3.33370785228982e-02
0 0 1 3 1 3 -1.25015508564038e-02
0 0 1 3 2 0 6.16754826650372e-02
0 0 1 3 2 2 7.85277000068468e-03
0 0 1 3 3 1 -1.25015508564038e-02
0 0 2 0 0 2 -9.02997975409542e-01
0 0 2 0 1 1 1.03953583926739e+00
0 0 2 0 1 3 2.54103758604175e-01
0 0 2 0 2 0 -9.02997975409542e-01
0 0 2 0 3 1 2.54103758604175e-01
0 0 2 0 3 3 2.10085227566012e-02
0 0 2 1 0 1 -5.19767919633697e-01
0 0 2 1 0 3 -2.02290327221419e-01
0 0 2 1 1 0 -5.19767919633697e-01
0 0 2 1 1 2 2.43272520202880e-01
0 0 2 1 2 1 2.43272520202880e-01
0 0 2 1 2 3 5.10894179135656e-02
0 0 2 1 3 0 -2.02290327221419e-01
0 0 2 1 3 2 5.10894179135656e-02
0 0 2 2 0 0 1.80599595081908e+00
0 0 2 2 1 1 -4.86545040405761e-01
0 0 2 2 1 3 -1.02178835827131e-01
0 0 2 2 3 1 -1.02178835827131e-01
0 0 2 2 3 3 -9.82255519474533e-02
0 0 2 3 0 1 -5.18134313827557e-02
0 0 2 3 0 3 -1.05042613783006e-02
0 0 2 3 1 0 -5.18134313827557e-02
0 0 2 3 1 2 5.10894179135656e-02
0 0 2 3 2 1 5.10894179135656e-02
0 0 2 3 2 3 4.91127759737267e-02
0 0 2 3 3 0 -1.05042613783006e-02
0 0 2 3 3 2 4.91127759737267e-02
0 0 3 0 0 1 2.39137066952235e-02
0 0 3 0 0 3 -1.55567025864294e-01
0 0 3 0 1 0 2.39137066952235e-02
0 0 3 0 1 2 2.29500081374901e-01
0 0 3 0 2 1 2.29500081374901e-01
0 0 3 0 2 3 2.09458624314927e-02
0 0 3 0 3 0 -1.55567025864294e-01
0 0 3 0 3 2 2.09458624314927e-02
0 0 3 1 0 0 -4.78274133904470e-02
0 0 3 1 0 2 -4.28908265736747e-01
0 0 3 1 1 3 9.16468753580588e-03
0 0 3 1 2 0 -4.28908265736747e-01
0 0 3 1 2 2 1.97396484455908e-01
0 0 3 1 3 1 9.16468753580588e-03
0 0 3 1 3 3 -3.33370785228982e-02
0 0 3 2 0 1 1.99408184361846e-01
0 0 3 2 0 3 7.56763663198041e-02
0 0 3 2 1 0 1.99408184361846e-01
0 0 3 2 1 2 -9.86982422279539e-02
0 0 3 2 2 1 -9.86982422279539e-02
0 0 3 2 2 3 -2.84033383236393e-02
0 0 3 2 3 0 7.56763663198041e-02
0 0 3 2 3 2 -2.84033383236393e-02
0 0 3 3 0 0 3.11134051728589e-01
0 0 3 3 0 2 -9.66222287512968e-02
0 0 3 3 1 1 -1.83293750716118e-02
0 0 3 3 1 3 1.66685392614491e-02
0 0 3 3 2 0 -9.66222287512968e-02
0 0 3 3 2 2 5.68066766472785e-02
0 0 3 3 3 1 1.66685392614491e-02
0 1 0 0 0 1 -1.86650737638511e-01
0 1 0 0 0 3 2.39137066952235e-02
0 1 0 0 1 0 3.73301475277022e-01
0 1 0 0 1 2 1.91152356313202e-01
0 1 0 0 2 1 -1.22941430100757e-01
0 1 0 0 2 3 -5.13619206569416e-02
0 1 0 0 3 0 -4.78274133904470e-02
0 1 0 0 3 2 6.16754826650372e-02
0 1 0 1 0 0 -1.86650737638511e-01
0 1 0 1 0 2 -6.82109262124451e-02
0 1 0 1 1 3 1.66685392614491e-02
0 1 0 1 2 0 -1.22941430100757e-01
0 1 0 1 2 2 4.77800132229943e-02
0 1 0 1 3 1 -3.33370785228982e-02
0 1 0 1 3 3 -1.25015508564038e-02
0 1 0 2 0 1 -6.82109262124451e-02
0 1 0 2 0 3 -1.03135620080956e-02
0 1 0 2 1 0 1.91152356313202e-01
0 1 0 2 1 2 -9.55600264459887e-02
0 1 0 2 2 1 4.77800132229943e-02
0 1 0 2 2 3 -3.92638500034234e-03
0 1 0 2 3 0 6.16754826650372e-02
0 1 0 2 3 2 7.85277000068468e-03
0 1 0 3 0 0 2.39137066952235e-02
0 1 0 3 0 2 -1.03135620080956e-02
0 1 0 3 1 1 1.66685392614491e-02
0 1 0 3 1 3 2.50031017128076e-02
0 1 0 3 2 0 -5.13619206569416e-02
0 1 0 3 2 2 -3.92638500034234e-03
0 1 0 3 3 1 -1.25015508564038e-02
0 1 1 0 0 2 1.03953583926739e+00
0 1 1 0 1 1 -3.66375002624517e-01
0 1 1 0 1 3 5.97687056378372e-02
0 1 1 0 2 0 -5.19767919633697e-01
0 1 1 0 2 2 -2.46327414897861e-01
0 1 1 0 3 1 -2.68461763806149e-02
0 1 1 0 3 3 4.32135033380662e-02
0 1 1 1 0 1 -3.66375002624517e-01
0 1 1 1 0 3 5.97687056378372e-02
0 1 1 1 1 0 7.32750005249034e-01
0 1 1 1 1 2 3.51681023335639e-03
0 1 1 1 2 1 -1.75840511667819e-03
0 1 1 1 2 3 -2.57752658731133e-02
0 1 1 1 3 0 -3.29225292572224e-02
0 1 1 1 3 2 1.05021730973807e-02
0 1 1 2 0 0 -5.19767919633697e-01
0 1 1 2 0 2 -2.46327414897861e-01
0 1 1 2 1 1 -1.75840511667819e-03
0 1 1 2 1 3 -2.57752658731133e-02
0 1 1 2 2 0 4.92654829795722e-01
0 1 1 2 3 1 1.52730927757326e-02
0 1 1 2 3 3 2.54039969847856e-02
0 1 1 3 0 1 -2.68461763806149e-02
0 1 1 3 0 3 4.32135033380662e-02
0 1 1 3 1 0 -3.29225292572224e-02
0 1 1 3 1 2 1.05021730973807e-02
0 1 1 3 2 1 1.52730927757326e-02
0 1 1 3 2 3 2.54039969847856e-02
0 1 1 3 3 0 -8.64270066761323e-02
0 1 1 3 3 2 -5.08079939695712e-02
0 1 2 0 0 1 -6.82109262124451e-02
0 1 2 0 0 3 2.29500081374901e-01
0 1 2 0 1 0 1.91152356313202e-01
0 1 2 0 1 2 6.29932595003008e-01
0 1 2 0 2 1 -3.19145578961312e-01
0 1 2 0 2 3 -1.18791997251912e-01
0 1 2 0 3 0 -4.28908265736747e-01
0 1 2 0 3 2 1.49218667093102e-01
0 1 2 1 0 0 -1.22941430100757e-01
0 1 2 1 0 2 -3.19145578961312e-01
0 1 2 1 1 3 -1.02665909702570e-02
0 1 2 1 2 0 -2.93794187564960e-01
0 1 2 1 2 2 1.42959755497568e-01
0 1 2 1 3 1 1.28962140178780e-02
0 1 2 1 3 3 -2.63791388527428e-02
0 1 2 2 0 1 -3.36138407438046e-01
0 1 2 2 0 3 -3.21771152334600e-02
0 1 2 2 1 0 6.38291157922623e-01
0 1 2 2 1 2 -2.94433125894827e-01
0 1 2 2 2 1 1.51473370397259e-01
0 1 2 2 2 3 4.04094815053805e-02
0 1 2 2 3 0 1.49218667093102e-01
0 1 2 2 3 2 -7.26347385985255e-02
0 1 2 3 0 0 1.99408184361846e-01
0 1 2 3 0 2 -3.04266698411903e-02
0 1 2 3 1 1 -2.62962304762097e-03
0 1 2 3 1 3 5.27582777054857e-02
0 1 2 3 2 0 -1.17041551859642e-01
0 1 2 3 2 2 3.22252570931449e-02
0 1 2 3 3 1 -2.63791388527428e-02
0 1 3 0 0 2 2.54103758604175e-01
0 1 3 0 1 1 5.97687056378372e-02
0 1 3 0 1 3 -1.14069922578954e-01
0 1 3 0 2 0 -2.02290327221419e-01
0 1 3 0 2 2 3.28432706754382e-01
0 1 3 0 3 1 -1.39421313975305e-01
0 1 3 0 3 3 -6.62816687838039e-02
0 1 3 1 0 1 -2.68461763806149e-02
0 1 3 1 0 3 -1.39421313975305e-01
0 1 3 1 1 0 -3.29225292572224e-02
0 1 3 1 1 2 -4.46550315934606e-01
0 1 3 1 2 1 2.43544801244397e-01
0 1 3 1 2 3 8.50208493014923e-02
0 1 3 1 3 0 2.70484065030995e-01
0 1 3 1 3 2 -1.06797579814982e-01
0 1 3 2 0 0 -5.18134313827557e-02
0 1 3 2 0 2 3.28432706754381e-01
0 1 3 2 1 1 2.03005514690209e-01
0 1 3 2 1 3 7.65072344018011e-02
0 1 3 2 2 0 -6.56865413508763e-01
0 1 3 2 3 1 2.17767305134897e-02
0 1 3 2 3 3 6.63860230931674e-03
0 1 3 3 0 1 -1.56414142452040e-01
0 1 3 3 0 3 -6.80321141760737e-02
0 1 3 3 1 0 2.78842627950610e-01
0 1 3 3 1 2 -1.06797579814982e-01
0 1 3 3 2 1 3.02903454131807e-02
0 1 3 3 2 3 1.48228267215523e-02
0 1 3 3 3 0 1.34313782959878e-01
0 1 3 3 3 2 -2.14614290308690e-02
0 2 0 0 0 2 -9.02997975409542e-01
0 2 0 0 1 1 -5.19767919633697e-01
0 2 0 0 1 3 -2.02290327221419e-01
0 2 0 0 2 0 1.80599595081908e+00
0 2 0 0 3 1 -5.18134313827557e-02
0 2 0 0 3 3 -1.05042613783006e-02
0 2 0 1 0 1 1.03953583926739e+00
0 2 0 1 0 3 2.54103758604175e-01
0 2 0 1 1 0 -5.19767919633697e-01
0 2 0 1 1 2 2.43272520202880e-01
0 2 0 1 2 1 -4.86545040405761e-01
0 2 0 1 2 3 -1.02178835827131e-01
0 2 0 1 3 0 -5.18134313827557e-02
0 2 0 1 3 2 5.10894179135656e-02
0 2 0 2 0 0 -9.02997975409542e-01
0 2 0 2 1 1 2.43272520202880e-01
0 2 0 2 1 3 5.10894179135656e-02
0 2 0 2 3 1 5.10894179135656e-02
0 2 0 2 3 3 4.91127759737267e-02
0 2 0 3 0 1 2.54103758604175e-01
0 2 0 3 0 3 2.10085227566012e-02
0 2 0 3 1 0 -2.02290327221419e-01
0 2 0 3 1 2 5.10894179135656e-02
0 2 0 3 2 1 -1.02178835827131e-01
0 2 0 3 2 3 -9.82255519474533e-02
0 2 0 3 3 0 -1.05042613783006e-02
0 2 0 3 3 2 4.91127759737267e-02
0 2 1 0 0 1 -6.82109262124451e-02
0 2 1 0 0 3 2.29500081374901e-01
0 2 1 0 1 0 -1.22941430100757e-01
0 2 1 0 1 2 -3.19145578961312e-01
0 2 1 0 2 1 -3.36138407438046e-01
0 2 1 0 2 3 -3.21771152334600e-02
0 2 1 0 3 0 1.99408184361846e-01
0 2 1 0 3 2 -3.04266698411903e-02
0 2 1 1 0 0 1.91152356313202e-01
0 2 1 1 0 2 6.29932595003008e-01
0 2 1 1 1 3 -1.02665909702570e-02
0 2 1 1 2 0 6.38291157922623e-01
0 2 1 1 2 2 -2.94433125894827e-01
0 2 1 1 3 1 -2.62962304762097e-03
0 2 1 1 3 3 5.27582777054857e-02
0 2 1 2 0 1 -3.19145578961312e-01
0 2 1 2 0 3 -1.18791997251912e-01
0 2 1 2 1 0 -2.93794187564960e-01
0 2 1 2 1 2 1.42959755497568e-01
0 2 1 2 2 1 1.51473370397259e-01
0 2 1 2 2 3 4.04094815053805e-02
0 2 1 2 3 0 -1.17041551859642e-01
0 2 1 2 3 2 3.22252570931449e-02
0 2 1 3 0 0 -4.28908265736747e-01
0 2 1 3 0 2 1.49218667093102e-01
0 2 1 3 1 1 1.28962140178780e-02
0 2 1 3 1 3 -2.63791388527428e-02
0 2 1 3 2 0 1.49218667093102e-01
0 2 1 3 2 2 -7.26347385985255e-02
0 2 1 3 3 1 -2.63791388527428e-02
0 2 2 0 1 1 -2.46327414897861e-01
0 2 2 0 1 3 3.28432706754382e-01
0 2 2 0 2 2 -9.02997975409542e-01
0 2 2 0 3 1 3.28432706754381e-01
0 2 2 0 3 3 1.80578698992799e-01
0 2 2 1 0 1 -2.46327414897861e-01
0 2 2 1 0 3 3.28432706754382e-01
0 2 2 1 1 0 4.92654829795722e-01
0 2 2 1 1 2 1.03953583926739e+00
0 2 2 1 2 1 -5.19767919633697e-01
0 2 2 1 2 3 -2.02290327221419e-01
0 2 2 1 3 0 -6.56865413508763e-01
0 2 2 1 3 2 2.54103758604174e-01
0 2 2 2 0 2 -9.02997975409542e-01
0 2 2 2 1 1 -5.19767919633697e-01
0 2 2 2 1 3 -2.02290327221419e-01
0 2 2 2 2 0 1.80599595081908e+00
0 2 2 2 3 1 -5.18134313827556e-02
0 2 2 2 3 3 -1.05042613783006e-02
0 2 2 3 0 1 3.28432706754381e-01
0 2 2 3 0 3 1.80578698992799e-01
0 2 2 3 1 0 -6.56865413508763e-01
0 2 2 3 1 2 2.54103758604174e-01
0 2 2 3 2 1 -5.18134313827556e-02
0 2 2 3 2 3 -1.05042613783006e-02
0 2 2 3 3 0 -3.61157397985597e-01
0 2 2 3 3 2 2.10085227566012e-02
0 2 3 0 0 1 -1.03135620080956e-02
0 2 3 0 0 3 2.09458624314927e-02
0 2 3 0 1 0 -5.13619206569416e-02
0 2 3 0 1 2 -1.18791997251912e-01
0 2 3 0 2 1 -3.21771152334600e-02
0 2 3 0 2 3 5.26334980189950e-03
0 2 3 0 3 0 7.56763663198041e-02
0 2 3 0 3 2 -2.00880415944516e-02
0 2 3 1 0 0 6.16754826650372e-02
0 2 3 1 0 2 1.49218667093102e-01
0 2 3 1 1 3 -5.33109795693000e-04
0 2 3 1 2 0 1.49218667093102e-01
0 2 3 1 2 2 -6.96455326148408e-02
0 2 3 1 3 1 -5.33109795693000e-04
0 2 3 1 3 3 1.28962140178780e-02
0 2 3 2 0 1 -3.04266698411903e-02
0 2 3 2 0 3 -2.00880415944516e-02
0 2 3 2 1 0 -1.17041551859642e-01
0 2 3 2 1 2 5.50924095845137e-02
0 2 3 2 2 1 1.45531230303270e-02
0 2 3 2 2 3 3.50278912182153e-03
0 2 3 2 3 0 -3.70808700711865e-02
0 2 3 2 3 2 1.20164040215126e-02
0 2 3 3 0 0 -9.66222287512968e-02
0 2 3 3 0 2 3.18175202692871e-02
0 2 3 3 1 1 1.06621959138600e-03
0 2 3 3 1 3 -1.02665909702570e-02
0 2 3 3 2 0 4.01760831889031e-02
0 2 3 3 2 2 -1.55191931433341e-02
0 2 3 3 3 1 -2.62962304762097e-03
0 3 0 0 0 1 2.39137066952235e-02
0 3 0 0 0 3 -1.55567025864294e-01
0 3 0 0 1 0 -4.78274133904470e-02
0 3 0 0 1 2 -4.28908265736747e-01
0 3 0 0 2 1 1.99408184361846e-01
0 3 0 0 2 3 7.56763663198041e-02
0 3 0 0 3 0 3.11134051728589e-01
0 3 0 0 3 2 -9.66222287512968e-02
0 3 0 1 0 0 2.39137066952235e-02
0 3 0 1 0 2 2.29500081374901e-01
0 3 0 1 1 3 9.16468753580588e-03
0 3 0 1 2 0 1.99408184361846e-01
0 3 0 1 2 2 -9.86982422279539e-02
0 3 0 1 3 1 -1.83293750716118e-02
0 3 0 1 3 3 1.66685392614491e-02
0 3 0 2 0 1 2.29500081374901e-01
0 3 0 2 0 3 2.09458624314927e-02
0 3 0 2 1 0 -4.28908265736747e-01
0 3 0 2 1 2 1.97396484455908e-01
0 3 0 2 2 1 -9.86982422279539e-02
0 3 0 2 2 3 -2.84033383236393e-02
0 3 0 2 3 0 -9.66222287512968e-02
0 3 0 2 3 2 5.68066766472785e-02
0 3 0 3 0 0 -1.55567025864294e-01
0 3 0 3 0 2 2.09458624314927e-02
0 3 0 3 1 1 9.16468753580588e-03
0 3 0 3 1 3 -3.33370785228982e-02
0 3 0 3 2 0 7.56763663198041e-02
0 3 0 3 2 2 -2.84033383236393e-02
0 3 0 3 3 1 1.66685392614491e-02
0 3 1 0 0 2 2.54103758604175e-01
0 3 1 0 1 1 -2.68461763806149e-02
0 3 1 0 1 3 -1.39421313975305e-01
0 3 1 0 2 0 -5.18134313827557e-02
0 3 1 0 2 2 3.28432706754381e-01
0 3 1 0 3 1 -1.56414142452040e-01
0 3 1 0 3 3 -6.80321141760737e-02
0 3 1 1 0 1 5.97687056378372e-02
0 3 1 1 0 3 -1.14069922578954e-01
0 3 1 1 1 0 -3.29225292572224e-02
0 3 1 1 1 2 -4.46550315934606e-01
0 3 1 1 2 1 2.03005514690209e-01
0 3 1 1 2 3 7.65072344018011e-02
0 3 1 1 3 0 2.78842627950610e-01
0 3 1 1 3 2 -1.06797579814982e-01
0 3 1 2 0 0 -2.02290327221419e-01
0 3 1 2 0 2 3.28432706754382e-01
0 3 1 2 1 1 2.43544801244397e-01
0 3 1 2 1 3 8.50208493014923e-02
0 3 1 2 2 0 -6.56865413508763e-01
0 3 1 2 3 1 3.02903454131807e-02
0 3 1 2 3 3 1.48228267215523e-02
0 3 1 3 0 1 -1.39421313975305e-01
0 3 1 3 0 3 -6.62816687838039e-02
0 3 1 3 1 0 2.70484065030995e-01
0 3 1 3 1 2 -1.06797579814982e-01
0 3 1 3 2 1 2.17767305134897e-02
0 3 1 3 2 3 6.63860230931674e-03
0 3 1 3 3 0 1.34313782959878e-01
0 3 1 3 3 2 -2.14614290308690e-02
0 3 2 0 0 1 -1.03135620080956e-02
0 3 2 0 0 3 2.09458624314927e-02
0 3 2 0 1 0 6.16754826650372e-02
0 3 2 0 1 2 1.49218667093102e-01
0 3 2 0 2 1 -3.04266698411903e-02
0 3 2 0 2 3 -2.00880415944516e-02
0 3 2 0 3 0 -9.66222287512968e-02
0 3 2 0 3 2 3.18175202692871e-02
0 3 2 1 0 0 -5.13619206569416e-02
0 3 2 1 0 2 -1.18791997251912e-01
0 3 2 1 1 3 -5.33109795693000e-04
0 3 2 1 2 0 -1.17041551859642e-01
0 3 2 1 2 2 5.50924095845137e-02
0 3 2 1 3 1 1.06621959138600e-03
0 3 2 1 3 3 -1.02665909702570e-02
0 3 2 2 0 1 -3.21771152334600e-02
0 3 2 2 0 3 5.26334980189950e-03
0 3 2 2 1 0 1.49218667093102e-01
0 3 2 2 1 2 -6.96455326148408e-02
0 3 2 2 2 1 1.45531230303270e-02
0 3 2 2 2 3 3.50278912182153e-03
0 3 2 2 3 0 4.01760831889031e-02
0 3 2 2 3 2 -1.55191931433341e-02
0 3 2 3 0 0 7.56763663198041e-02
0 3 2 3 0 2 -2.00880415944516e-02
0 3 2 3 1 1 -5.33109795693000e-04
0 3 2 3 1 3 1.28962140178780e-02
0 3 2 3 2 0 -3.70808700711865e-02
0 3 2 3 2 2 1.20164040215126e-02
0 3 2 3 3 1 -2.62962304762097e-03
0 3 3 0 0 2 2.10085227566012e-02
0 3 3 0 1 1 4.32135033380662e-02
0 3 3 0 1 3 -6.62816687838039e-02
0 3 3 0 2 0 -1.05042613783006e-02
0 3 3 0 2 2 1.80578698992799e-01
0 3 3 0 3 1 -6.80321141760737e-02
0 3 3 0 3 3 -3.62337534834408e-02
0 3 3 1 0 1 4.32135033380662e-02
0 3 3 1 0 3 -6.62816687838039e-02
0 3 3 1 1 0 -8.64270066761323e-02
0 3 3 1 1 2 -2.13542921400877e-01
0 3 3 1 2 1 1.06771460700439e-01
0 3 3 1 2 3 4.10476897150184e-02
0 3 3 1 3 0 1.34313782959878e-01
0 3 3 1 3 2 -5.20034824169822e-02
0 3 3 2 0 0 -1.05042613783006e-02
0 3 3 2 0 2 1.80578698992799e-01
0 3 3 2 1 1 1.06771460700439e-01
0 3 3 2 1 3 4.10476897150184e-02
0 3 3 2 2 0 -3.61157397985597e-01
0 3 3 2 3 1 1.09557927019638e-02
0 3 3 2 3 3 2.67192103982461e-03
0 3 3 3 0 1 -6.80321141760737e-02
0 3 3 3 0 3 -3.62337534834408e-02
0 3 3 3 1 0 1.34313782959878e-01
0 3 3 3 1 2 -5.20034824169822e-02
0 3 3 3 2 1 1.09557927019638e-02
0 3 3 3 2 3 2.67192103982461e-03
0 3 3 3 3 0 7.24675069668816e-02
0 3 3 3 3 2 -5.34384207964921e-03
1 0 0 0 0 1 3.73301475277022e-01
1 0 0 0 0 3 -4.78274133904470e-02
1 0 0 0 1 0 -1.86650737638511e-01
1 0 0 0 1 2 -1.22941430100757e-01
1 0 0 0 2 1 1.91152356313202e-01
1 0 0 0 2 3 6.16754826650372e-02
1 0 0 0 3 0 2.39137066952235e-02
1 0 0 0 3 2 -5.13619206569416e-02
1 0 0 1 0 0 -1.86650737638511e-01
1 0 0 1 0 2 -1.22941430100757e-01
1 0 0 1 1 3 -3.33370785228982e-02
1 0 0 1 2 0 -6.82109262124451e-02
1 0 0 1 2 2 4.77800132229943e-02
1 0 0 1 3 1 1.66685392614491e-02
1 0 0 1 3 3 -1.25015508564038e-02
1 0 0 2 0 1 1.91152356313202e-01
1 0 0 2 0 3 6.16754826650372e-02
1 0 0 2 1 0 -6.82109262124451e-02
1 0 0 2 1 2 4.77800132229943e-02
1 0 0 2 2 1 -9.55600264459887e-02
1 0 0 2 2 3 7.85277000068468e-03
1 0 0 2 3 0 -1.03135620080956e-02
1 0 0 2 3 2 -3.92638500034234e-03
1 0 0 3 0 0 2.39137066952235e-02
1 0 0 3 0 2 -5.13619206569416e-02
1 0 0 3 1 1 1.66685392614491e-02
1 0 0 3 1 3 -1.25015508564038e-02
1 0 0 3 2 0 -1.03135620080956e-02
1 0 0 3 2 2 -3.92638500034234e-03
1 0 0 3 3 1 2.50031017128076e-02
1 0 1 0 0 2 -5.19767919633697e-01
1 0 1 0 1 1 -3.66375002624517e-01
1 0 1 0 1 3 -2.68461763806149e-02
1 0 1 0 2 0 1.03953583926739e+00
1 0 1 0 2 2 -2.46327414897861e-01
1 0 1 0 3 1 5.97687056378372e-02
1 0 1 0 3 3 4.32135033380662e-02
1 0 1 1 0 1 7.32750005249034e-01
1 0 1 1 0 3 -3.29225292572224e-02
1 0 1 1 1 0 -3.66375002624517e-01
1 0 1 1 1 2 -1.75840511667819e-03
1 0 1 1 2 1 3.51681023335639e-03
1 0 1 1 2 3 1.05021730973807e-02
1 0 1 1 3 0 5.97687056378372e-02
1 0 1 1 3 2 -2.57752658731133e-02
1 0 1 2 0 0 -5.19767919633697e-01
1 0 1 2 0 2 4.92654829795722e-01
1 0 1 2 1 1 -1.75840511667819e-03
1 0 1 2 1 3 1.52730927757326e-02
1 0 1 2 2 0 -2.46327414897861e-01
1 0 1 2 3 1 -2.57752658731133e-02
1 0 1 2 3 3 2.54039969847856e-02
1 0 1 3 0 1 -3.29225292572224e-02
1 0 1 3 0 3 -8.64270066761323e-02
1 0 1 3 1 0 -2.68461763806149e-02
1 0 1 3 1 2 1.52730927757326e-02
1 0 1 3 2 1 1.05021730973807e-02
1 0 1 3 2 3 -5.08079939695712e-02
1 0 1 3 3 0 4.32135033380662e-02
1 0 1 3 3 2 2.54039969847856e-02
1 0 2 0 0 1 1.91152356313202e-01
1 0 2 0 0 3 -4.28908265736747e-01
1 0 2 0 1 0 -6.82109262124451e-02
1 0 2 0 1 2 -3.19145578961312e-01
1 0 2 0 2 1 6.29932595003008e-01
1 0 2 0 2 3 1.49218667093102e-01
1 0 2 0 3 0 2.29500081374901e-01
1 0 2 0 3 2 -1.18791997251912e-01
1 0 2 1 0 0 -1.22941430100757e-01
1 0 2 1 0 2 -2.93794187564960e-01
1 0 2 1 1 3 1.28962140178780e-02
1 0 2 1 2 0 -3.19145578961312e-01
1 0 2 1 2 2 1.42959755497568e-01
1 0 2 1 3 1 -1.02665909702570e-02
1 0 2 1 3 3 -2.63791388527428e-02
1 0 2 2 0 1 6.38291157922623e-01
1 0 2 2 0 3 1.49218667093102e-01
1 0 2 2 1 0 -3.36138407438046e-01
1 0 2 2 1 2 1.51473370397259e-01
1 0 2 2 2 1 -2.94433125894827e-01
1 0 2 2 2 3 -7.26347385985255e-02
1 0 2 2 3 0 -3.21771152334600e-02
1 0 2 2 3 2 4.04094815053805e-02
1 0 2 3 0 0 1.99408184361846e-01
1 0 2 3 0 2 -1.17041551859642e-01
1 0 2 3 1 1 -2.62962304762097e-03
1 0 2 3 1 3 -2.63791388527428e-02
1 0 2 3 2 0 -3.04266698411903e-02
1 0 2 3 2 2 3.22252570931449e-02
1 0 2 3 3 1 5.27582777054857e-02
1 0 3 0 0 2 -2.02290327221419e-01
1 0 3 0 1 1 5.97687056378372e-02
1 0 3 0 1 3 -1.39421313975305e-01
1 0 3 0 2 0 2.54103758604175e-01
1 0 3 0 2 2 3.28432706754382e-01
1 0 3 0 3 1 -1.14069922578954e-01
1 0 3 0 3 3 -6.62816687838039e-02
1 0 3 1 0 1 -3.29225292572224e-02
1 0 3 1 0 3 2.70484065030995e-01
1 0 3 1 1 0 -2.68461763806149e-02
1 0 3 1 1 2 2.43544801244397e-01
1 0 3 1 2 1 -4.46550315934606e-01
1 0 3 1 2 3 -1.06797579814982e-01
1 0 3 1 3 0 -1.39421313975305e-01
1 0 3 1 3 2 8.50208493014923e-02
1 0 3 2 0 0 -5.18134313827557e-02
1 0 3 2 0 2 -6.56865413508763e-01
1 0 3 2 1 1 2.03005514690209e-01
1 0 3 2 1 3 2.17767305134897e-02
1 0 3 2 2 0 3.28432706754381e-01
1 0 3 2 3 1 7.65072344018011e-02
1 0 3 2 3 3 6.63860230931674e-03
1 0 3 3 0 1 2.78842627950610e-01
1 0 3 3 0 3 1.34313782959878e-01
1 0 3 3 1 0 -1.56414142452040e-01
1 0 3 3 1 2 3.02903454131807e-02
1 0 3 3 2 1 -1.06797579814982e-01
1 0 3 3 2 3 -2.14614290308690e-02
1 0 3 3 3 0 -6.80321141760737e-02
1 0 3 3 3 2 1.48228267215523e-02
1 1 0 0 0 2 -5.19767919633697e-01
1 1 0 0 1 1 7.32750005249034e-01
1 1 0 0 1 3 -3.29225292572224e-02
1 1 0 0 2 0 -5.19767919633697e-01
1 1 0 0 2 2 4.92654829795722e-01
1 1 0 0 3 1 -3.29225292572224e-02
1 1 0 0 3 3 -8.64270066761323e-02
1 1 0 1 0 1 -3.66375002624517e-01
1 1 0 1 0 3 -2.68461763806149e-02
1 1 0 1 1 0 -3.66375002624517e-01
1 1 0 1 1 2 -1.75840511667819e-03
1 1 0 1 2 1 -1.75840511667819e-03
1 1 0 1 2 3 1.52730927757326e-02
1 1 0 1 3 0 -2.68461763806149e-02
1 1 0 1 3 2 1.52730927757326e-02
1 1 0 2 0 0 1.03953583926739e+00
1 1 0 2 0 2 -2.46327414897861e-01
1 1 0 2 1 1 3.51681023335639e-03
1 1 0 2 1 3 1.05021730973807e-02
1 1 0 2 2 0 -2.46327414897861e-01
1 1 0 2 3 1 1.05021730973807e-02
1 1 0 2 3 3 -5.08079939695712e-02
1 1 0 3 0 1 5.97687056378372e-02
1 1 0 3 0 3 4.32135033380662e-02
1 1 0 3 1 0 5.97687056378372e-02
1 1 0 3 1 2 -2.57752658731133e-02
1 1 0 3 2 1 -2.57752658731133e-02
1 1 0 3 2 3 2.54039969847856e-02
1 1 0 3 3 0 4.32135033380662e-02
1 1 0 3 3 2 2.54039969847856e-02
1 1 2 0 0 2 2.43272520202880e-01
1 1 2 0 1 1 3.51681023335639e-03
1 1 2 0 1 3 -4.46550315934606e-01
1 1 2 0 2 0 2.43272520202880e-01
1 1 2 0 2 2 1.03953583926739e+00
1 1 2 0 3 1 -4.46550315934606e-01
1 1 2 0 3 3 -2.13542921400877e-01
1 1 2 1 0 1 -1.75840511667819e-03
1 1 2 1 0 3 2.43544801244397e-01
1 1 2 1 1 0 -1.75840511667819e-03
1 1 2 1 1 2 -3.64718657554946e-01
1 1 2 1 2 1 -3.64718657554946e-01
1 1 2 1 2 3 -4.35877066862508e-02
1 1 2 1 3 0 2.43544801244397e-01
1 1 2 1 3 2 -4.35877066862508e-02
1 1 2 2 0 0 -4.86545040405761e-01
1 1 2 2 0 2 -5.19767919633697e-01
1 1 2 2 1 1 7.29437315109892e-01
1 1 2 2 1 3 1.73790295390954e-01
1 1 2 2 2 0 -5.19767919633697e-01
1 1 2 2 3 1 1.73790295390954e-01
1 1 2 2 3 3 3.85550518234128e-02
1 1 2 3 0 1 2.03005514690209e-01
1 1 2 3 0 3 1.06771460700439e-01
1 1 2 3 1 0 2.03005514690209e-01
1 1 2 3 1 2 -1.30202588704703e-01
1 1 2 3 2 1 -1.30202588704703e-01
1 1 2 3 2 3 -1.92775259117064e-02
1 1 2 3 3 0 1.06771460700439e-01
1 1 2 3 3 2 -1.92775259117064e-02
1 1 3 0 0 1 1.66685392614491e-02
1 1 3 0 0 3 9.16468753580588e-03
1 1 3 0 1 0 1.66685392614491e-02
1 1 3 0 1 2 -1.02665909702570e-02
1 1 3 0 2 1 -1.02665909702570e-02
1 1 3 0 2 3 -5.33109795693000e-04
1 1 3 0 3 0 9.16468753580588e-03
1 1 3 0 3 2 -5.33109795693000e-04
1 1 3 1 0 0 -3.33370785228982e-02
1 1 3 1 0 2 1.28962140178780e-02
1 1 3 1 1 3 -2.32588941473409e-03
1 1 3 1 2 0 1.28962140178780e-02
1 1 3 1 2 2 -5.18575617363046e-03
1 1 3 1 3 1 -2.32588941473409e-03
1 1 3 2 0 1 -2.62962304762097e-03
1 1 3 2 0 3 -5.33109795693000e-04
1 1 3 2 1 0 -2.62962304762097e-03
1 1 3 2 1 2 2.59287808681523e-03
1 1 3 2 2 1 2.59287808681523e-03
1 1 3 2 2 3 2.49256002134110e-03
1 1 3 2 3 0 -5.33109795693000e-04
1 1 3 2 3 2 2.49256002134110e-03
1 1 3 3 0 0 -1.83293750716118e-02
1 1 3 3 0 2 1.06621959138600e-03
1 1 3 3 1 1 4.65177882946818e-03
1 1 3 3 2 0 1.06621959138600e-03
1 1 3 3 2 2 -4.98512004268220e-03
1 2 0 0 0 1 1.91152356313202e-01
1 2 0 0 0 3 -4.28908265736747e-01
1 2 0 0 1 0 -1.22941430100757e-01
1 2 0 0 1 2 -2.93794187564960e-01
1 2 0 0 2 1 6.38291157922623e-01
1 2 0 0 2 3 1.49218667093102e-01
1 2 0 0 3 0 1.99408184361846e-01
1 2 0 0 3 2 -1.17041551859642e-01
1 2 0 1 0 0 -6.82109262124451e-02
1 2 0 1 0 2 -3.19145578961312e-01
1 2 0 1 1 3 1.28962140178780e-02
1 2 0 1 2 0 -3.36138407438046e-01
1 2 0 1 2 2 1.51473370397259e-01
1 2 0 1 3 1 -2.62962304762097e-03
1 2 0 1 3 3 -2.63791388527428e-02
1 2 0 2 0 1 6.29932595003008e-01
1 2 0 2 0 3 1.49218667093102e-01
1 2 0 2 1 0 -3.19145578961312e-01
1 2 0 2 1 2 1.42959755497568e-01
1 2 0 2 2 1 -2.94433125894827e-01
1 2 0 2 2 3 -7.26347385985255e-02
1 2 0 2 3 0 -3.04266698411903e-02
1 2 0 2 3 2 3.22252570931449e-02
1 2 0 3 0 0 2.29500081374901e-01
1 2 0 3 0 2 -1.18791997251912e-01
1 2 0 3 1 1 -1.02665909702570e-02
1 2 0 3 1 3 -2.63791388527428e-02
1 2 0 3 2 0 -3.21771152334600e-02
1 2 0 3 2 2 4.04094815053805e-02
1 2 0 3 3 1 5.27582777054857e-02
1 2 1 0 0 2 2.43272520202880e-01
1 2 1 0 1 1 -1.75840511667819e-03
1 2 1 0 1 3 2.43544801244397e-01
1 2 1 0 2 0 -4.86545040405761e-01
1 2 1 0 2 2 -5.19767919633697e-01
1 2 1 0 3 1 2.03005514690209e-01
1 2 1 0 3 3 1.06771460700439e-01
1 2 1 1 0 1 3.51681023335639e-03
1 2 1 1 0 3 -4.46550315934606e-01
1 2 1 1 1 0 -1.75840511667819e-03
1 2 1 1 1 2 -3.64718657554946e-01
1 2 1 1 2 1 7.29437315109892e-01
1 2 1 1 2 3 1.73790295390954e-01
1 2 1 1 3 0 2.03005514690209e-01
1 2 1 1 3 2 -1.30202588704703e-01
1 2 1 2 0 0 2.43272520202880e-01
1 2 1 2 0 2 1.03953583926739e+00
1 2 1 2 1 1 -3.64718657554946e-01
1 2 1 2 1 3 -4.35877066862508e-02
1 2 1 2 2 0 -5.19767919633697e-01
1 2 1 2 3 1 -1.30202588704703e-01
1 2 1 2 3 3 -1.92775259117064e-02
1 2 1 3 0 1 -4.46550315934606e-01
1 2 1 3 0 3 -2.13542921400877e-01
1 2 1 3 1 0 2.43544801244397e-01
1 2 1 3 1 2 -4.35877066862508e-02
1 2 1 3 2 1 1.73790295390954e-01
1 2 1 3 2 3 3.85550518234128e-02
1 2 1 3 3 0 1.06771460700439e-01
1 2 1 3 3 2 -1.92775259117064e-02
1 2 2 0 0 1 -9.55600264459887e-02
1 2 2 0 0 3 1.97396484455908e-01
1 2 2 0 1 0 4.77800132229943e-02
1 2 2 0 1 2 1.42959755497568e-01
1 2 2 0 2 1 -2.94433125894827e-01
1 2 2 0 2 3 -6.96455326148408e-02
1 2 2 0 3 0 -9.86982422279539e-02
1 2 2 0 3 2 5.50924095845137e-02
1 2 2 1 0 0 4.77800132229943e-02
1 2 2 1 0 2 1.42959755497568e-01
1 2 2 1 1 3 -5.18575617363046e-03
1 2 2 1 2 0 1.51473370397259e-01
1 2 2 1 2 2 -6.84294421375452e-02
1 2 2 1 3 1 2.59287808681523e-03
1 2 2 1 3 3 1.23465095614424e-02
1 2 2 2 0 1 -2.94433125894827e-01
1 2 2 2 0 3 -6.96455326148408e-02
1 2 2 2 1 0 1.51473370397259e-01
1 2 2 2 1 2 -6.84294421375452e-02
1 2 2 2 2 1 1.36858884275090e-01
1 2 2 2 2 3 3.30848905422484e-02
1 2 2 2 3 0 1.45531230303270e-02
1 2 2 2 3 2 -1.65424452711242e-02
1 2 2 3 0 0 -9.86982422279539e-02
1 2 2 3 0 2 5.50924095845137e-02
1 2 2 3 1 1 2.59287808681523e-03
1 2 2 3 1 3 1.23465095614424e-02
1 2 2 3 2 0 1.45531230303270e-02
1 2 2 3 2 2 -1.65424452711242e-02
1 2 2 3 3 1 -2.46930191228848e-02
1 2 3 0 0 2 5.10894179135656e-02
1 2 3 0 1 1 -2.57752658731133e-02
1 2 3 0 1 3 8.50208493014923e-02
1 2 3 0 2 0 -1.02178835827131e-01
1 2 3 0 2 2 -2.02290327221419e-01
1 2 3 0 3 1 7.65072344018011e-02
1 2 3 0 3 3 4.10476897150184e-02
1 2 3 1 0 1 1.05021730973807e-02
1 2 3 1 0 3 -1.06797579814982e-01
1 2 3 1 1 0 1.52730927757326e-02
1 2 3 1 1 2 -4.35877066862508e-02
1 2 3 1 2 1 1.73790295390954e-01
1 2 3 1 2 3 3.73541641682052e-02
1 2 3 1 3 0 2.17767305134897e-02
1 2 3 1 3 2 -2.28563635439107e-02
1 2 3 2 0 0 5.10894179135656e-02
1 2 3 2 0 2 2.54103758604174e-01
1 2 3 2 1 1 -1.30202588704703e-01
1 2 3 2 1 3 -2.28563635439107e-02
1 2 3 2 2 0 -5.18134313827556e-02
1 2 3 2 3 1 -3.98491920206455e-02
1 2 3 2 3 3 -5.13185381833340e-03
1 2 3 3 0 1 -1.06797579814982e-01
1 2 3 3 0 3 -5.20034824169822e-02
1 2 3 3 1 0 3.02903454131807e-02
1 2 3 3 1 2 2.49502785244044e-03
1 2 3 3 2 1 4.57127270878212e-02
1 2 3 3 2 3 8.51326224439695e-03
1 2 3 3 3 0 1.09557927019638e-02
1 2 3 3 3 2 -3.38140842606355e-03
1 3 0 0 0 2 -2.02290327221419e-01
1 3 0 0 1 1 -3.29225292572224e-02
1 3 0 0 1 3 2.70484065030995e-01
1 3 0 0 2 0 -5.18134313827557e-02
1 3 0 0 2 2 -6.56865413508763e-01
1 3 0 0 3 1 2.78842627950610e-01
1 3 0 0 3 3 1.34313782959878e-01
1 3 0 1 0 1 5.97687056378372e-02
1 3 0 1 0 3 -1.39421313975305e-01
1 3 0 1 1 0 -2.68461763806149e-02
1 3 0 1 1 2 2.43544801244397e-01
1 3 0 1 2 1 2.03005514690209e-01
1 3 0 1 2 3 2.17767305134897e-02
1 3 0 1 3 0 -1.56414142452040e-01
1 3 0 1 3 2 3.02903454131807e-02
1 3 0 2 0 0 2.54103758604175e-01
1 3 0 2 0 2 3.28432706754382e-01
1 3 0 2 1 1 -4.46550315934606e-01
1 3 0 2 1 3 -1.06797579814982e-01
1 3 0 2 2 0 3.28432706754381e-01
1 3 0 2 3 1 -1.06797579814982e-01
1 3 0 2 3 3 -2.14614290308690e-02
1 3 0 3 0 1 -1.14069922578954e-01
1 3 0 3 0 3 -6.62816687838039e-02
1 3 0 3 1 0 -1.39421313975305e-01
1 3 0 3 1 2 8.50208493014923e-02
1 3 0 3 2 1 7.65072344018011e-02
1 3 0 3 2 3 6.63860230931674e-03
1 3 0 3 3 0 -6.80321141760737e-02
1 3 0 3 3 2 1.48228267215523e-02
1 3 1 0 0 1 1.66685392614491e-02
1 3 1 0 0 3 9.16468753580588e-03
1 3 1 0 1 0 -3.33370785228982e-02
1 3 1 0 1 2 1.28962140178780e-02
1 3 1 0 2 1 -2.62962304762097e-03
1 3 1 0 2 3 -5.33109795693000e-04
1 3 1 0 3 0 -1.83293750716118e-02
1 3 1 0 3 2 1.06621959138600e-03
1 3 1 1 0 0 1.66685392614491e-02
1 3 1 1 0 2 -1.02665909702570e-02
1 3 1 1 1 3 -2.32588941473409e-03
1 3 1 1 2 0 -2.62962304762097e-03
1 3 1 1 2 2 2.59287808681523e-03
1 3 1 1 3 1 4.65177882946818e-03
1 3 1 2 0 1 -1.02665909702570e-02
1 3 1 2 0 3 -5.33109795693000e-04
1 3 1 2 1 0 1.28962140178780e-02
1 3 1 2 1 2 -5.18575617363046e-03
1 3 1 2 2 1 2.59287808681523e-03
1 3 1 2 2 3 2.49256002134110e-03
1 3 1 2 3 0 1.06621959138600e-03
1 3 1 2 3 2 -4.98512004268220e-03
1 3 1 3 0 0 9.16468753580588e-03
1 3 1 3 0 2 -5.33109795693000e-04
1 3 1 3 1 1 -2.32588941473409e-03
1 3 1 3 2 0 -5.33109795693000e-04
1 3 1 3 2 2 2.49256002134110e-03
1 3 2 0 0 2 5.10894179135656e-02
1 3 2 0 1 1 1.05021730973807e-02
1 3 2 0 1 3 -1.06797579814982e-01
1 3 2 0 2 0 5.10894179135656e-02
1 3 2 0 2 2 2.54103758604174e-01
1 3 2 0 3 1 -1.06797579814982e-01
1 3 2 0 3 3 -5.20034824169822e-02
1 3 2 1 0 1 -2.57752658731133e-02
1 3 2 1 0 3 8.50208493014923e-02
1 3 2 1 1 0 1.52730927757326e-02
1 3 2 1 1 2 -4.35877066862508e-02
1 3 2 1 2 1 -1.30202588704703e-01
1 3 2 1 2 3 -2.28563635439107e-02
1 3 2 1 3 0 3.02903454131807e-02
1 3 2 1 3 2 2.49502785244044e-03
1 3 2 2 0 0 -1.02178835827131e-01
1 3 2 2 0 2 -2.02290327221419e-01
1 3 2 2 1 1 1.73790295390954e-01
1 3 2 2 1 3 3.73541641682052e-02
1 3 2 2 2 0 -5.18134313827556e-02
1 3 2 2 3 1 4.57127270878212e-02
1 3 2 2 3 3 8.51326224439695e-03
1 3 2 3 0 1 7.65072344018011e-02
1 3 2 3 0 3 4.10476897150184e-02
1 3 2 3 1 0 2.17767305134897e-02
1 3 2 3 1 2 -2.28563635439107e-02
1 3 2 3 2 1 -3.98491920206455e-02
1 3 2 3 2 3 -5.13185381833340e-03
1 3 2 3 3 0 1.09557927019638e-02
1 3 2 3 3 2 -3.38140842606355e-03
1 3 3 0 0 1 2.50031017128076e-02
1 3 3 0 0 3 -3.33370785228982e-02
1 3 3 0 1 0 -1.25015508564038e-02
1 3 3 0 1 2 -2.63791388527428e-02
1 3 3 0 2 1 5.27582777054857e-02
1 3 3 0 2 3 1.28962140178780e-02
1 3 3 0 3 0 1.66685392614491e-02
1 3 3 0 3 2 -1.02665909702570e-02
1 3 3 1 0 0 -1.25015508564038e-02
1 3 3 1 0 2 -2.63791388527428e-02
1 3 3 1 2 0 -2.63791388527428e-02
1 3 3 1 2 2 1.23465095614424e-02
1 3 3 1 3 3 -2.32588941473409e-03
1 3 3 2 0 1 5.27582777054857e-02
1 3 3 2 0 3 1.28962140178780e-02
1 3 3 2 1 0 -2.63791388527428e-02
1 3 3 2 1 2 1.23465095614424e-02
1 3 3 2 2 1 -2.46930191228848e-02
1 3 3 2 2 3 -5.18575617363046e-03
1 3 3 2 3 0 -2.62962304762097e-03
1 3 3 2 3 2 2.59287808681523e-03
1 3 3 3 0 0 1.66685392614491e-02
1 3 3 3 0 2 -1.02665909702570e-02
1 3 3 3 1 3 -2.32588941473409e-03
1 3 3 3 2 0 -2.62962304762097e-03
1 3 3 3 2 2 2.59287808681523e-03
1 3 3 3 3 1 4.65177882946818e-03
2 0 0 0 0 2 1.80599595081908e+00
2 0 0 0 1 1 -5.19767919633697e-01
2 0 0 0 1 3 -5.18134313827557e-02
2 0 0 0 2 0 -9.02997975409542e-01
2 0 0 0 3 1 -2.02290327221419e-01
2 0 0 0 3 3 -1.05042613783006e-02
2 0 0 1 0 1 -5.19767919633697e-01
2 0 0 1 0 3 -5.18134313827557e-02
2 0 0 1 1 0 1.03953583926739e+00
2 0 0 1 1 2 -4.86545040405761e-01
2 0 0 1 2 1 2.43272520202880e-01
2 0 0 1 2 3 5.10894179135656e-02
2 0 0 1 3 0 2.54103758604175e-01
2 0 0 1 3 2 -1.02178835827131e-01
2 0 0 2 0 0 -9.02997975409542e-01
2 0 0 2 1 1 2.43272520202880e-01
2 0 0 2 1 3 5.10894179135656e-02
2 0 0 2 3 1 5.10894179135656e-02
2 0 0 2 3 3 4.91127759737267e-02
2 0 0 3 0 1 -2.02290327221419e-01
2 0 0 3 0 3 -1.05042613783006e-02
2 0 0 3 1 0 2.54103758604175e-01
2 0 0 3 1 2 -1.02178835827131e-01
2 0 0 3 2 1 5.10894179135656e-02
2 0 0 3 2 3 4.91127759737267e-02
2 0 0 3 3 0 2.10085227566012e-02
2 0 0 3 3 2 -9.82255519474533e-02
2 0 1 0 0 1 -1.22941430100757e-01
2 0 1 0 0 3 1.99408184361846e-01
2 0 1 0 1 0 -6.82109262124451e-02
2 0 1 0 1 2 -3.36138407438046e-01
2 0 1 0 2 1 -3.19145578961312e-01
2 0 1 0 2 3 -3.04266698411903e-02
2 0 1 0 3 0 2.29500081374901e-01
2 0 1 0 3 2 -3.21771152334600e-02
2 0 1 1 0 0 1.91152356313202e-01
2 0 1 1 0 2 6.38291157922623e-01
2 0 1 1 1 3 -2.62962304762097e-03
2 0 1 1 2 0 6.29932595003008e-01
2 0 1 1 2 2 -2.94433125894827e-01
2 0 1 1 3 1 -1.02665909702570e-02
2 0 1 1 3 3 5.27582777054857e-02
2 0 1 2 0 1 -2.93794187564960e-01
2 0 1 2 0 3 -1.17041551859642e-01
2 0 1 2 1 0 -3.19145578961312e-01
2 0 1 2 1 2 1.51473370397259e-01
2 0 1 2 2 1 1.42959755497568e-01
2 0 1 2 2 3 3.22252570931449e-02
2 0 1 2 3 0 -1.18791997251912e-01
2 0 1 2 3 2 4.04094815053805e-02
2 0 1 3 0 0 -4.28908265736747e-01
2 0 1 3 0 2 1.49218667093102e-01
2 0 1 3 1 1 1.28962140178780e-02
2 0 1 3 1 3 -2.63791388527428e-02
2 0 1 3 2 0 1.49218667093102e-01
2 0 1 3 2 2 -7.26347385985255e-02
2 0 1 3 3 1 -2.63791388527428e-02
2 0 2 0 1 1 -2.46327414897861e-01
2 0 2 0 1 3 3.28432706754381e-01
2 0 2 0 2 2 -9.02997975409542e-01
2 0 2 0 3 1 3.28432706754382e-01
2 0 2 0 3 3 1.80578698992799e-01
2 0 2 1 0 1 4.92654829795722e-01
2 0 2 1 0 3 -6.56865413508763e-01
2 0 2 1 1 0 -2.46327414897861e-01
2 0 2 1 1 2 -5.19767919633697e-01
2 0 2 1 2 1 1.03953583926739e+00
2 0 2 1 2 3 2.54103758604174e-01
2 0 2 1 3 0 3.28432706754382e-01
2 0 2 1 3 2 -2.02290327221419e-01
2 0 2 2 0 2 1.80599595081908e+00
2 0 2 2 1 1 -5.19767919633697e-01
2 0 2 2 1 3 -5.18134313827556e-02
2 0 2 2 2 0 -9.02997975409542e-01
2 0 2 2 3 1 -2.02290327221419e-01
2 0 2 2 3 3 -1.05042613783006e-02
2 0 2 3 0 1 -6.56865413508763e-01
2 0 2 3 0 3 -3.61157397985597e-01
2 0 2 3 1 0 3.28432706754381e-01
2 0 2 3 1 2 -5.18134313827556e-02
2 0 2 3 2 1 2.54103758604174e-01
2 0 2 3 2 3 2.10085227566012e-02
2 0 2 3 3 0 1.80578698992799e-01
2 0 2 3 3 2 -1.05042613783006e-02
2 0 3 0 0 1 -5.13619206569416e-02
2 0 3 0 0 3 7.56763663198041e-02
2 0 3 0 1 0 -1.03135620080956e-02
2 0 3 0 1 2 -3.21771152334600e-02
2 0 3 0 2 1 -1.18791997251912e-01
2 0 3 0 2 3 -2.00880415944516e-02
2 0 3 0 3 0 2.09458624314927e-02
2 0 3 0 3 2 5.26334980189950e-03
2 0 3 1 0 0 6.16754826650372e-02
2 0 3 1 0 2 1.49218667093102e-01
2 0 3 1 1 3 -5.33109795693000e-04
2 0 3 1 2 0 1.49218667093102e-01
2 0 3 1 2 2 -6.96455326148408e-02
2 0 3 1 3 1 -5.33109795693000e-04
2 0 3 1 3 3 1.28962140178780e-02
2 0 3 2 0 1 -1.17041551859642e-01
2 0 3 2 0 3 -3.70808700711865e-02
2 0 3 2 1 0 -3.04266698411903e-02
2 0 3 2 1 2 1.45531230303270e-02
2 0 3 2 2 1 5.50924095845137e-02
2 0 3 2 2 3 1.20164040215126e-02
2 0 3 2 3 0 -2.00880415944516e-02
2 0 3 2 3 2 3.50278912182153e-03
2 0 3 3 0 0 -9.66222287512968e-02
2 0 3 3 0 2 4.01760831889031e-02
2 0 3 3 1 1 1.06621959138600e-03
2 0 3 3 1 3 -2.62962304762097e-03
2 0 3 3 2 0 3.18175202692871e-02
2 0 3 3 2 2 -1.55191931433341e-02
2 0 3 3 3 1 -1.02665909702570e-02
2 1 0 0 0 1 -1.22941430100757e-01
2 1 0 0 0 3 1.99408184361846e-01
2 1 0 0 1 0 1.91152356313202e-01
2 1 0 0 1 2 6.38291157922623e-01
2 1 0 0 2 1 -2.93794187564960e-01
2 1 0 0 2 3 -1.17041551859642e-01
2 1 0 0 3 0 -4.28908265736747e-01
2 1 0 0 3 2 1.49218667093102e-01
2 1 0 1 0 0 -6.82109262124451e-02
2 1 0 1 0 2 -3.36138407438046e-01
2 1 0 1 1 3 -2.62962304762097e-03
2 1 0 1 2 0 -3.19145578961312e-01
2 1 0 1 2 2 1.51473370397259e-01
2 1 0 1 3 1 1.28962140178780e-02
2 1 0 1 3 3 -2.63791388527428e-02
2 1 0 2 0 1 -3.19145578961312e-01
2 1 0 2 0 3 -3.04266698411903e-02
2 1 0 2 1 0 6.29932595003008e-01
2 1 0 2 1 2 -2.94433125894827e-01
2 1 0 2 2 1 1.42959755497568e-01
2 1 0 2 2 3 3.22252570931449e-02
2 1 0 2 3 0 1.49218667093102e-01
2 1 0 2 3 2 -7.26347385985255e-02
2 1 0 3 0 0 2.29500081374901e-01
2 1 0 3 0 2 -3.21771152334600e-02
2 1 0 3 1 1 -1.02665909702570e-02
2 1 0 3 1 3 5.27582777054857e-02
2 1 0 3 2 0 -1.18791997251912e-01
2 1 0 3 2 2 4.04094815053805e-02
2 1 0 3 3 1 -2.63791388527428e-02
2 1 1 0 0 2 -4.86545040405761e-01
2 1 1 0 1 1 -1.75840511667819e-03
2 1 1 0 1 3 2.03005514690209e-01
2 1 1 0 2 0 2.43272520202880e-01
2 1 1 0 2 2 -5.19767919633697e-01
2 1 1 0 3 1 2.43544801244397e-01
2 1 1 0 3 3 1.06771460700439e-01
2 1 1 1 0 1 -1.75840511667819e-03
2 1 1 1 0 3 2.03005514690209e-01
2 1 1 1 1 0 3.51681023335639e-03
2 1 1 1 1 2 7.29437315109892e-01
2 1 1 1 2 1 -3.64718657554946e-01
2 1 1 1 2 3 -1.30202588704703e-01
2 1 1 1 3 0 -4.46550315934606e-01
2 1 1 1 3 2 1.73790295390954e-01
2 1 1 2 0 0 2.43272520202880e-01
2 1 1 2 0 2 -5.19767919633697e-01
2 1 1 2 1 1 -3.64718657554946e-01
2 1 1 2 1 3 -1.30202588704703e-01
2 1 1 2 2 0 1.03953583926739e+00
2 1 1 2 3 1 -4.35877066862508e-02
2 1 1 2 3 3 -1.92775259117064e-02
2 1 1 3 0 1 2.43544801244397e-01
2 1 1 3 0 3 1.06771460700439e-01
2 1 1 3 1 0 -4.46550315934606e-01
2 1 1 3 1 2 1.73790295390954e-01
2 1 1 3 2 1 -4.35877066862508e-02
2 1 1 3 2 3 -1.92775259117064e-02
2 1 1 3 3 0 -2.13542921400877e-01
2 1 1 3 3 2 3.85550518234128e-02
2 1 2 0 0 1 4.77800132229943e-02
2 1 2 0 0 3 -9.86982422279539e-02
2 1 2 0 1 0 -9.55600264459887e-02
2 1 2 0 1 2 -2.94433125894827e-01
2 1 2 0 2 1 1.42959755497568e-01
2 1 2 0 2 3 5.50924095845137e-02
2 1 2 0 3 0 1.97396484455908e-01
2 1 2 0 3 2 -6.96455326148408e-02
2 1 2 1 0 0 4.77800132229943e-02
2 1 2 1 0 2 1.51473370397259e-01
2 1 2 1 1 3 2.59287808681523e-03
2 1 2 1 2 0 1.42959755497568e-01
2 1 2 1 2 2 -6.84294421375452e-02
2 1 2 1 3 1 -5.18575617363046e-03
2 1 2 1 3 3 1.23465095614424e-02
2 1 2 2 0 1 1.51473370397259e-01
2 1 2 2 0 3 1.45531230303270e-02
2 1 2 2 1 0 -2.94433125894827e-01
2 1 2 2 1 2 1.36858884275090e-01
2 1 2 2 2 1 -6.84294421375452e-02
2 1 2 2 2 3 -1.65424452711242e-02
2 1 2 2 3 0 -6.96455326148408e-02
2 1 2 2 3 2 3.30848905422484e-02
2 1 2 3 0 0 -9.86982422279539e-02
2 1 2 3 0 2 1.45531230303270e-02
2 1 2 3 1 1 2.59287808681523e-03
2 1 2 3 1 3 -2.46930191228848e-02
2 1 2 3 2 0 5.50924095845137e-02
2 1 2 3 2 2 -1.65424452711242e-02
2 1 2 3 3 1 1.23465095614424e-02
2 1 3 0 0 2 -1.02178835827131e-01
2 1 3 0 1 1 -2.57752658731133e-02
2 1 3 0 1 3 7.65072344018011e-02
2 1 3 0 2 0 5.10894179135656e-02
2 1 3 0 2 2 -2.02290327221419e-01
2 1 3 0 3 1 8.50208493014923e-02
2 1 3 0 3 3 4.10476897150184e-02
2 1 3 1 0 1 1.52730927757326e-02
2 1 3 1 0 3 2.17767305134897e-02
2 1 3 1 1 0 1.05021730973807e-02
2 1 3 1 1 2 1.73790295390954e-01
2 1 3 1 2 1 -4.35877066862508e-02
2 1 3 1 2 3 -2.28563635439107e-02
2 1 3 1 3 0 -1.06797579814982e-01
2 1 3 1 3 2 3.73541641682052e-02
2 1 3 2 0 0 5.10894179135656e-02
2 1 3 2 0 2 -5.18134313827556e-02
2 1 3 2 1 1 -1.30202588704703e-01
2 1 3 2 1 3 -3.98491920206455e-02
2 1 3 2 2 0 2.54103758604174e-01
2 1 3 2 3 1 -2.28563635439107e-02
2 1 3 2 3 3 -5.13185381833340e-03
2 1 3 3 0 1 3.02903454131807e-02
2 1 3 3 0 3 1.09557927019638e-02
2 1 3 3 1 0 -1.06797579814982e-01
2 1 3 3 1 2 4.57127270878212e-02
2 1 3 3 2 1 2.49502785244044e-03
2 1 3 3 2 3 -3.38140842606355e-03
2 1 3 3 3 0 -5.20034824169822e-02
2 1 3 3 3 2 8.51326224439695e-03
2 2 0 0 1 1 4.92654829795722e-01
2 2 0 0 1 3 -6.56865413508763e-01
2 2 0 0 2 2 1.80599595081908e+00
2 2 0 0 3 1 -6.56865413508763e-01
2 2 0 0 3 3 -3.61157397985597e-01
2 2 0 1 0 1 -2.46327414897861e-01
2 2 0 1 0 3 3.28432706754381e-01
2 2 0 1 1 0 -2.46327414897861e-01
2 2 0 1 1 2 -5.19767919633697e-01
2 2 0 1 2 1 -5.19767919633697e-01
2 2 0 1 2 3 -5.18134313827556e-02
2 2 0 1 3 0 3.28432706754381e-01
2 2 0 1 3 2 -5.18134313827556e-02
2 2 0 2 0 2 -9.02997975409542e-01
2 2 0 2 1 1 1.03953583926739e+00
2 2 0 2 1 3 2.54103758604174e-01
2 2 0 2 2 0 -9.02997975409542e-01
2 2 0 2 3 1 2.54103758604174e-01
2 2 0 2 3 3 2.10085227566012e-02
2 2 0 3 0 1 3.28432706754382e-01
2 2 0 3 0 3 1.80578698992799e-01
2 2 0 3 1 0 3.28432706754382e-01
2 2 0 3 1 2 -2.02290327221419e-01
2 2 0 3 2 1 -2.02290327221419e-01
2 2 0 3 2 3 -1.05042613783006e-02
2 2 0 3 3 0 1.80578698992799e-01
2 2 0 3 3 2 -1.05042613783006e-02
2 2 1 0 0 1 4.77800132229943e-02
2 2 1 0 0 3 -9.86982422279539e-02
2 2 1 0 1 0 4.77800132229943e-02
2 2 1 0 1 2 1.51473370397259e-01
2 2 1 0 2 1 1.51473370397259e-01
2 2 1 0 2 3 1.45531230303270e-02
2 2 1 0 3 0 -9.86982422279539e-02
2 2 1 0 3 2 1.45531230303270e-02
2 2 1 1 0 0 -9.55600264459887e-02
2 2 1 1 0 2 -2.94433125894827e-01
2 2 1 1 1 3 2.59287808681523e-03
2 2 1 1 2 0 -2.94433125894827e-01
2 2 1 1 2 2 1.36858884275090e-01
2 2 1 1 3 1 2.59287808681523e-03
2 2 1 1 3 3 -2.46930191228848e-02
2 2 1 2 0 1 1.42959755497568e-01
2 2 1 2 0 3 5.50924095845137e-02
2 2 1 2 1 0 1.42959755497568e-01
2 2 1 2 1 2 -6.84294421375452e-02
2 2 1 2 2 1 -6.84294421375452e-02
2 2 1 2 2 3 -1.65424452711242e-02
2 2 1 2 3 0 5.50924095845137e-02
2 2 1 2 3 2 -1.65424452711242e-02
2 2 1 3 0 0 1.97396484455908e-01
2 2 1 3 0 2 -6.96455326148408e-02
2 2 1 3 1 1 -5.18575617363046e-03
2 2 1 3 1 3 1.23465095614424e-02
2 2 1 3 2 0 -6.96455326148408e-02
2 2 1 3 2 2 3.30848905422484e-02
2 2 1 3 3 1 1.23465095614424e-02
2 2 3 0 0 1 -3.92638500034234e-03
2 2 3 0 0 3 -2.84033383236393e-02
2 2 3 0 1 0 -3.92638500034234e-03
2 2 3 0 1 2 4.04094815053805e-02
2 2 3 0 2 1 4.04094815053805e-02
2 2 3 0 2 3 3.50278912182153e-03
2 2 3 0 3 0 -2.84033383236393e-02
2 2 3 0 3 2 3.50278912182153e-03
2 2 3 1 0 0 7.85277000068468e-03
2 2 3 1 0 2 -7.26347385985255e-02
2 2 3 1 1 3 2.49256002134110e-03
2 2 3 1 2 0 -7.26347385985255e-02
2 2 3 1 2 2 3.30848905422484e-02
2 2 3 1 3 1 2.49256002134110e-03
2 2 3 1 3 3 -5.18575617363046e-03
2 2 3 2 0 1 3.22252570931449e-02
2 2 3 2 0 3 1.20164040215126e-02
2 2 3 2 1 0 3.22252570931449e-02
2 2 3 2 1 2 -1.65424452711242e-02
2 2 3 2 2 1 -1.65424452711242e-02
2 2 3 2 2 3 -5.56168842384688e-03
2 2 3 2 3 0 1.20164040215126e-02
2 2 3 2 3 2 -5.56168842384688e-03
2 2 3 3 0 0 5.68066766472785e-02
2 2 3 3 0 2 -1.55191931433341e-02
2 2 3 3 1 1 -4.98512004268220e-03
2 2 3 3 1 3 2.59287808681523e-03
2 2 3 3 2 0 -1.55191931433341e-02
2 2 3 3 2 2 1.11233768476938e-02
2 2 3 3 3 1 2.59287808681523e-03
2 3 0 0 0 1 -5.13619206569416e-02
2 3 0 0 0 3 7.56763663198041e-02
2 3 0 0 1 0 6.16754826650372e-02
2 3 0 0 1 2 1.49218667093102e-01
2 3 0 0 2 1 -1.17041551859642e-01
2 3 0 0 2 3 -3.70808700711865e-02
2 3 0 0 3 0 -9.66222287512968e-02
2 3 0 0 3 2 4.01760831889031e-02
2 3 0 1 0 0 -1.03135620080956e-02
2 3 0 1 0 2 -3.21771152334600e-02
2 3 0 1 1 3 -5.33109795693000e-04
2 3 0 1 2 0 -3.04266698411903e-02
2 3 0 1 2 2 1.45531230303270e-02
2 3 0 1 3 1 1.06621959138600e-03
2 3 0 1 3 3 -2.62962304762097e-03
2 3 0 2 0 1 -1.18791997251912e-01
2 3 0 2 0 3 -2.00880415944516e-02
2 3 0 2 1 0 1.49218667093102e-01
2 3 0 2 1 2 -6.96455326148408e-02
2 3 0 2 2 1 5.50924095845137e-02
2 3 0 2 2 3 1.20164040215126e-02
2 3 0 2 3 0 3.18175202692871e-02
2 3 0 2 3 2 -1.55191931433341e-02
2 3 0 3 0 0 2.09458624314927e-02
2 3 0 3 0 2 5.26334980189950e-03
2 3 0 3 1 1 -5.33109795693000e-04
2 3 0 3 1 3 1.28962140178780e-02
2 3 0 3 2 0 -2.00880415944516e-02
2 3 0 3 2 2 3.50278912182153e-03
2 3 0 3 3 1 -1.02665909702570e-02
2 3 1 0 0 2 -1.02178835827131e-01
2 3 1 0 1 1 1.52730927757326e-02
2 3 1 0 1 3 2.17767305134897e-02
2 3 1 0 2 0 5.10894179135656e-02
2 3 1 0 2 2 -5.18134313827556e-02
2 3 1 0 3 1 3.02903454131807e-02
2 3 1 0 3 3 1.09557927019638e-02
2 3 1 1 0 1 -2.57752658731133e-02
2 3 1 1 0 3 7.65072344018011e-02
2 3 1 1 1 0 1.05021730973807e-02
2 3 1 1 1 2 1.73790295390954e-01
2 3 1 1 2 1 -1.30202588704703e-01
2 3 1 1 2 3 -3.98491920206455e-02
2 3 1 1 3 0 -1.06797579814982e-01
2 3 1 1 3 2 4.57127270878212e-02
2 3 1 2 0 0 5.10894179135656e-02
2 3 1 2 0 2 -2.02290327221419e-01
2 3 1 2 1 1 -4.35877066862508e-02
2 3 1 2 1 3 -2.28563635439107e-02
2 3 1 2 2 0 2.54103758604174e-01
2 3 1 2 3 1 2.49502785244044e-03
2 3 1 2 3 3 -3.38140842606355e-03
2 3 1 3 0 1 8.50208493014923e-02
2 3 1 3 0 3 4.10476897150184e-02
2 3 1 3 1 0 -1.06797579814982e-01
2 3 1 3 1 2 3.73541641682052e-02
2 3 1 3 2 1 -2.28563635439107e-02
2 3 1 3 2 3 -5.13185381833340e-03
2 3 1 3 3 0 -5.20034824169822e-02
2 3 1 3 3 2 8.51326224439695e-03
2 3 2 0 0 1 -3.92638500034234e-03
2 3 2 0 0 3 -2.84033383236393e-02
2 3 2 0 1 0 7.85277000068468e-03
2 3 2 0 1 2 -7.26347385985255e-02
2 3 2 0 2 1 3.22252570931449e-02
2 3 2 0 2 3 1.20164040215126e-02
2 3 2 0 3 0 5.68066766472785e-02
2 3 2 0 3 2 -1.55191931433341e-02
2 3 2 1 0 0 -3.92638500034234e-03
2 3 2 1 0 2 4.04094815053805e-02
2 3 2 1 1 3 2.49256002134110e-03
2 3 2 1 2 0 3.22252570931449e-02
2 3 2 1 2 2 -1.65424452711242e-02
2 3 2 1 3 1 -4.98512004268220e-03
2 3 2 1 3 3 2.59287808681523e-03
2 3 2 2 0 1 4.04094815053805e-02
2 3 2 2 0 3 3.50278912182153e-03
2 3 2 2 1 0 -7.26347385985255e-02
2 3 2 2 1 2 3.30848905422484e-02
2 3 2 2 2 1 -1.65424452711242e-02
2 3 2 2 2 3 -5.56168842384688e-03
2 3 2 2 3 0 -1.55191931433341e-02
2 3 2 2 3 2 1.11233768476938e-02
2 3 2 3 0 0 -2.84033383236393e-02
2 3 2 3 0 2 3.50278912182153e-03
2 3 2 3 1 1 2.49256002134110e-03
2 3 2 3 1 3 -5.18575617363046e-03
2 3 2 3 2 0 1.20164040215126e-02
2 3 2 3 2 2 -5.56168842384688e-03
2 3 2 3 3 1 2.59287808681523e-03
2 3 3 0 0 2 -9.82255519474533e-02
2 3 3 0 1 1 2.54039969847856e-02
2 3 3 0 1 3 6.63860230931674e-03
2 3 3 0 2 0 4.91127759737267e-02
2 3 3 0 2 2 -1.05042613783006e-02
2 3 3 0 3 1 1.48228267215523e-02
2 3 3 0 3 3 2.67192103982461e-03
2 3 3 1 0 1 2.54039969847856e-02
2 3 3 1 0 3 6.63860230931674e-03
2 3 3 1 1 0 -5.08079939695712e-02
2 3 3 1 1 2 3.85550518234128e-02
2 3 3 1 2 1 -1.92775259117064e-02
2 3 3 1 2 3 -5.13185381833340e-03
2 3 3 1 3 0 -2.14614290308690e-02
2 3 3 1 3 2 8.51326224439695e-03
2 3 3 2 0 0 4.91127759737267e-02
2 3 3 2 0 2 -1.05042613783006e-02
2 3 3 2 1 1 -1.92775259117064e-02
2 3 3 2 1 3 -5.13185381833340e-03
2 3 3 2 2 0 2.10085227566012e-02
2 3 3 2 3 1 -3.38140842606355e-03
2 3 3 2 3 3 -2.79336647438785e-03
2 3 3 3 0 1 1.48228267215523e-02
2 3 3 3 0 3 2.67192103982461e-03
2 3 3 3 1 0 -2.14614290308690e-02
2 3 3 3 1 2 8.51326224439695e-03
2 3 3 3 2 1 -3.38140842606355e-03
2 3 3 3 2 3 -2.79336647438785e-03
2 3 3 3 3 0 -5.34384207964921e-03
2 3 3 3 3 2 5.58673294877571e-03
3 0 0 0 0 1 -4.78274133904470e-02
3 0 0 0 0 3 3.11134051728589e-01
3 0 0 0 1 0 2.39137066952235e-02
3 0 0 0 1 2 1.99408184361846e-01
3 0 0 0 2 1 -4.28908265736747e-01
3 0 0 0 2 3 -9.66222287512968e-02
3 0 0 0 3 0 -1.55567025864294e-01
3 0 0 0 3 2 7.56763663198041e-02
3 0 0 1 0 0 2.39137066952235e-02
3 0 0 1 0 2 1.99408184361846e-01
3 0 0 1 1 3 -1.83293750716118e-02
3 0 0 1 2 0 2.29500081374901e-01
3 0 0 1 2 2 -9.86982422279539e-02
3 0 0 1 3 1 9.16468753580588e-03
3 0 0 1 3 3 1.66685392614491e-02
3 0 0 2 0 1 -4.28908265736747e-01
3 0 0 2 0 3 -9.66222287512968e-02
3 0 0 2 1 0 2.29500081374901e-01
3 0 0 2 1 2 -9.86982422279539e-02
3 0 0 2 2 1 1.97396484455908e-01
3 0 0 2 2 3 5.68066766472785e-02
3 0 0 2 3 0 2.09458624314927e-02
3 0 0 2 3 2 -2.84033383236393e-02
3 0 0 3 0 0 -1.55567025864294e-01
3 0 0 3 0 2 7.56763663198041e-02
3 0 0 3 1 1 9.16468753580588e-03
3 0 0 3 1 3 1.66685392614491e-02
3 0 0 3 2 0 2.09458624314927e-02
3 0 0 3 2 2 -2.84033383236393e-02
3 0 0 3 3 1 -3.33370785228982e-02
3 0 1 0 0 2 -5.18134313827557e-02
3 0 1 0 1 1 -2.68461763806149e-02
3 0 1 0 1 3 -1.56414142452040e-01
3 0 1 0 2 0 2.54103758604175e-01
3 0 1 0 2 2 3.28432706754381e-01
3 0 1 0 3 1 -1.39421313975305e-01
3 0 1 0 3 3 -6.80321141760737e-02
3 0 1 1 0 1 -3.29225292572224e-02
3 0 1 1 0 3 2.78842627950610e-01
3 0 1 1 1 0 5.97687056378372e-02
3 0 1 1 1 2 2.03005514690209e-01
3 0 1 1 2 1 -4.46550315934606e-01
3 0 1 1 2 3 -1.06797579814982e-01
3 0 1 1 3 0 -1.14069922578954e-01
3 0 1 1 3 2 7.65072344018011e-02
3 0 1 2 0 0 -2.02290327221419e-01
3 0 1 2 0 2 -6.56865413508763e-01
3 0 1 2 1 1 2.43544801244397e-01
3 0 1 2 1 3 3.02903454131807e-02
3 0 1 2 2 0 3.28432706754382e-01
3 0 1 2 3 1 8.50208493014923e-02
3 0 1 2 3 3 1.48228267215523e-02
3 0 1 3 0 1 2.70484065030995e-01
3 0 1 3 0 3 1.34313782959878e-01
3 0 1 3 1 0 -1.39421313975305e-01
3 0 1 3 1 2 2.17767305134897e-02
3 0 1 3 2 1 -1.06797579814982e-01
3 0 1 3 2 3 -2.14614290308690e-02
3 0 1 3 3 0 -6.62816687838039e-02
3 0 1 3 3 2 6.63860230931674e-03
3 0 2 0 0 1 6.16754826650372e-02
3 0 2 0 0 3 -9.66222287512968e-02
3 0 2 0 1 0 -1.03135620080956e-02
3 0 2 0 1 2 -3.04266698411903e-02
3 0 2 0 2 1 1.49218667093102e-01
3 0 2 0 2 3 3.18175202692871e-02
3 0 2 0 3 0 2.09458624314927e-02
3 0 2 0 3 2 -2.00880415944516e-02
3 0 2 1 0 0 -5.13619206569416e-02
3 0 2 1 0 2 -1.17041551859642e-01
3 0 2 1 1 3 1.06621959138600e-03
3 0 2 1 2 0 -1.18791997251912e-01
3 0 2 1 2 2 5.50924095845137e-02
3 0 2 1 3 1 -5.33109795693000e-04
3 0 2 1 3 3 -1.02665909702570e-02
3 0 2 2 0 1 1.49218667093102e-01
3 0 2 2 0 3 4.01760831889031e-02
3 0 2 2 1 0 -3.21771152334600e-02
3 0 2 2 1 2 1.45531230303270e-02
3 0 2 2 2 1 -6.96455326148408e-02
3 0 2 2 2 3 -1.55191931433341e-02
3 0 2 2 3 0 5.26334980189950e-03
3 0 2 2 3 2 3.50278912182153e-03
3 0 2 3 0 0 7.56763663198041e-02
3 0 2 3 0 2 -3.70808700711865e-02
3 0 2 3 1 1 -5.33109795693000e-04
3 0 2 3 1 3 -2.62962304762097e-03
3 0 2 3 2 0 -2.00880415944516e-02
3 0 2 3 2 2 1.20164040215126e-02
3 0 2 3 3 1 1.28962140178780e-02
3 0 3 0 0 2 -1.05042613783006e-02
3 0 3 0 1 1 4.32135033380662e-02
3 0 3 0 1 3 -6.80321141760737e-02
3 0 3 0 2 0 2.10085227566012e-02
3 0 3 0 2 2 1.80578698992799e-01
3 0 3 0 3 1 -6.62816687838039e-02
3 0 3 0 3 3 -3.62337534834408e-02
3 0 3 1 0 1 -8.64270066761323e-02
3 0 3 1 0 3 1.34313782959878e-01
3 0 3 1 1 0 4.32135033380662e-02
3 0 3 1 1 2 1.06771460700439e-01
3 0 3 1 2 1 -2.13542921400877e-01
3 0 3 1 2 3 -5.20034824169822e-02
3 0 3 1 3 0 -6.62816687838039e-02
3 0 3 1 3 2 4.10476897150184e-02
3 0 3 2 0 0 -1.05042613783006e-02
3 0 3 2 0 2 -3.61157397985597e-01
3 0 3 2 1 1 1.06771460700439e-01
3 0 3 2 1 3 1.09557927019638e-02
3 0 3 2 2 0 1.80578698992799e-01
3 0 3 2 3 1 4.10476897150184e-02
3 0 3 2 3 3 2.67192103982461e-03
3 0 3 3 0 1 1.34313782959878e-01
3 0 3 3 0 3 7.24675069668816e-02
3 0 3 3 1 0 -6.80321141760737e-02
3 0 3 3 1 2 1.09557927019638e-02
3 0 3 3 2 1 -5.20034824169822e-02
3 0 3 3 2 3 -5.34384207964921e-03
3 0 3 3 3 0 -3.62337534834408e-02
3 0 3 3 3 2 2.67192103982461e-03
3 1 0 0 0 2 -5.18134313827557e-02
3 1 0 0 1 1 -3.29225292572224e-02
3 1 0 0 1 3 2.78842627950610e-01
3 1 0 0 2 0 -2.02290327221419e-01
3 1 0 0 2 2 -6.56865413508763e-01
3 1 0 0 3 1 2.70484065030995e-01
3 1 0 0 3 3 1.34313782959878e-01
3 1 0 1 0 1 -2.68461763806149e-02
3 1 0 1 0 3 -1.56414142452040e-01
3 1 0 1 1 0 5.97687056378372e-02
3 1 0 1 1 2 2.03005514690209e-01
3 1 0 1 2 1 2.43544801244397e-01
3 1 0 1 2 3 3.02903454131807e-02
3 1 0 1 3 0 -1.39421313975305e-01
3 1 0 1 3 2 2.17767305134897e-02
3 1 0 2 0 0 2.54103758604175e-01
3 1 0 2 0 2 3.28432706754381e-01
3 1 0 2 1 1 -4.46550315934606e-01
3 1 0 2 1 3 -1.06797579814982e-01
3 1 0 2 2 0 3.28432706754382e-01
3 1 0 2 3 1 -1.06797579814982e-01
3 1 0 2 3 3 -2.14614290308690e-02
3 1 0 3 0 1 -1.39421313975305e-01
3 1 0 3 0 3 -6.80321141760737e-02
3 1 0 3 1 0 -1.14069922578954e-01
3 1 0 3 1 2 7.65072344018011e-02
3 1 0 3 2 1 8.50208493014923e-02
3 1 0 3 2 3 1.48228267215523e-02
3 1 0 3 3 0 -6.62816687838039e-02
3 1 0 3 3 2 6.63860230931674e-03
3 1 1 0 0 1 -3.33370785228982e-02
3 1 1 0 0 3 -1.83293750716118e-02
3 1 1 0 1 0 1.66685392614491e-02
3 1 1 0 1 2 -2.62962304762097e-03
3 1 1 0 2 1 1.28962140178780e-02
3 1 1 0 2 3 1.06621959138600e-03
3 1 1 0 3 0 9.16468753580588e-03
3 1 1 0 3 2 -5.33109795693000e-04
3 1 1 1 0 0 1.66685392614491e-02
3 1 1 1 0 2 -2.62962304762097e-03
3 1 1 1 1 3 4.65177882946818e-03
3 1 1 1 2 0 -1.02665909702570e-02
3 1 1 1 2 2 2.59287808681523e-03
3 1 1 1 3 1 -2.32588941473409e-03
3 1 1 2 0 1 1.28962140178780e-02
3 1 1 2 0 3 1.06621959138600e-03
3 1 1 2 1 0 -1.02665909702570e-02
3 1 1 2 1 2 2.59287808681523e-03
3 1 1 2 2 1 -5.18575617363046e-03
3 1 1 2 2 3 -4.98512004268220e-03
3 1 1 2 3 0 -5.33109795693000e-04
3 1 1 2 3 2 2.49256002134110e-03
3 1 1 3 0 0 9.16468753580588e-03
3 1 1 3 0 2 -5.33109795693000e-04
3 1 1 3 1 1 -2.32588941473409e-03
3 1 1 3 2 0 -5.33109795693000e-04
3 1 1 3 2 2 2.49256002134110e-03
3 1 2 0 0 2 5.10894179135656e-02
3 1 2 0 1 1 1.05021730973807e-02
3 1 2 0 1 3 -1.06797579814982e-01
3 1 2 0 2 0 5.10894179135656e-02
3 1 2 0 2 2 2.54103758604174e-01
3 1 2 0 3 1 -1.06797579814982e-01
3 1 2 0 3 3 -5.20034824169822e-02
3 1 2 1 0 1 1.52730927757326e-02
3 1 2 1 0 3 3.02903454131807e-02
3 1 2 1 1 0 -2.57752658731133e-02
3 1 2 1 1 2 -1.30202588704703e-01
3 1 2 1 2 1 -4.35877066862508e-02
3 1 2 1 2 3 2.49502785244044e-03
3 1 2 1 3 0 8.50208493014923e-02
3 1 2 1 3 2 -2.28563635439107e-02
3 1 2 2 0 0 -1.02178835827131e-01
3 1 2 2 0 2 -5.18134313827556e-02
3 1 2 2 1 1 1.73790295390954e-01
3 1 2 2 1 3 4.57127270878212e-02
3 1 2 2 2 0 -2.02290327221419e-01
3 1 2 2 3 1 3.73541641682052e-02
3 1 2 2 3 3 8.51326224439695e-03
3 1 2 3 0 1 2.17767305134897e-02
3 1 2 3 0 3 1.09557927019638e-02
3 1 2 3 1 0 7.65072344018011e-02
3 1 2 3 1 2 -3.98491920206455e-02
3 1 2 3 2 1 -2.28563635439107e-02
3 1 2 3 2 3 -3.38140842606355e-03
3 1 2 3 3 0 4.10476897150184e-02
3 1 2 3 3 2 -5.13185381833340e-03
3 1 3 0 0 1 -1.25015508564038e-02
3 1 3 0 0 3 1.66685392614491e-02
3 1 3 0 1 0 2.50031017128076e-02
3 1 3 0 1 2 5.27582777054857e-02
3 1 3 0 2 1 -2.63791388527428e-02
3 1 3 0 2 3 -1.02665909702570e-02
3 1 3 0 3 0 -3.33370785228982e-02
3 1 3 0 3 2 1.28962140178780e-02
3 1 3 1 0 0 -1.25015508564038e-02
3 1 3 1 0 2 -2.63791388527428e-02
3 1 3 1 2 0 -2.63791388527428e-02
3 1 3 1 2 2 1.23465095614424e-02
3 1 3 1 3 3 -2.32588941473409e-03
3 1 3 2 0 1 -2.63791388527428e-02
3 1 3 2 0 3 -2.62962304762097e-03
3 1 3 2 1 0 5.27582777054857e-02
3 1 3 2 1 2 -2.46930191228848e-02
3 1 3 2 2 1 1.23465095614424e-02
3 1 3 2 2 3 2.59287808681523e-03
3 1 3 2 3 0 1.28962140178780e-02
3 1 3 2 3 2 -5.18575617363046e-03
3 1 3 3 0 0 1.66685392614491e-02
3 1 3 3 0 2 -2.62962304762097e-03
3 1 3 3 1 3 4.65177882946818e-03
3 1 3 3 2 0 -1.02665909702570e-02
3 1 3 3 2 2 2.59287808681523e-03
3 1 3 3 3 1 -2.32588941473409e-03
3 2 0 0 0 1 6.16754826650372e-02
3 2 0 0 0 3 -9.66222287512968e-02
3 2 0 0 1 0 -5.13619206569416e-02
3 2 0 0 1 2 -1.17041551859642e-01
3 2 0 0 2 1 1.49218667093102e-01
3 2 0 0 2 3 4.01760831889031e-02
3 2 0 0 3 0 7.56763663198041e-02
3 2 0 0 3 2 -3.70808700711865e-02
3 2 0 1 0 0 -1.03135620080956e-02
3 2 0 1 0 2 -3.04266698411903e-02
3 2 0 1 1 3 1.06621959138600e-03
3 2 0 1 2 0 -3.21771152334600e-02
3 2 0 1 2 2 1.45531230303270e-02
3 2 0 1 3 1 -5.33109795693000e-04
3 2 0 1 3 3 -2.62962304762097e-03
3 2 0 2 0 1 1.49218667093102e-01
3 2 0 2 0 3 3.18175202692871e-02
3 2 0 2 1 0 -1.18791997251912e-01
3 2 0 2 1 2 5.50924095845137e-02
3 2 0 2 2 1 -6.96455326148408e-02
3 2 0 2 2 3 -1.55191931433341e-02
3 2 0 2 3 0 -2.00880415944516e-02
3 2 0 2 3 2 1.20164040215126e-02
3 2 0 3 0 0 2.09458624314927e-02
3 2 0 3 0 2 -2.00880415944516e-02
3 2 0 3 1 1 -5.33109795693000e-04
3 2 0 3 1 3 -1.02665909702570e-02
3 2 0 3 2 0 5.26334980189950e-03
3 2 0 3 2 2 3.50278912182153e-03
3 2 0 3 3 1 1.28962140178780e-02
3 2 1 0 0 2 5.10894179135656e-02
3 2 1 0 1 1 1.52730927757326e-02
3 2 1 0 1 3 3.02903454131807e-02
3 2 1 0 2 0 -1.02178835827131e-01
3 2 1 0 2 2 -5.18134313827556e-02
3 2 1 0 3 1 2.17767305134897e-02
3 2 1 0 3 3 1.09557927019638e-02
3 2 1 1 0 1 1.05021730973807e-02
3 2 1 1 0 3 -1.06797579814982e-01
3 2 1 1 1 0 -2.57752658731133e-02
3 2 1 1 1 2 -1.30202588704703e-01
3 2 1 1 2 1 1.73790295390954e-01
3 2 1 1 2 3 4.57127270878212e-02
3 2 1 1 3 0 7.65072344018011e-02
3 2 1 1 3 2 -3.98491920206455e-02
3 2 1 2 0 0 5.10894179135656e-02
3 2 1 2 0 2 2.54103758604174e-01
3 2 1 2 1 1 -4.35877066862508e-02
3 2 1 2 1 3 2.49502785244044e-03
3 2 1 2 2 0 -2.02290327221419e-01
3 2 1 2 3 1 -2.28563635439107e-02
3 2 1 2 3 3 -3.38140842606355e-03
3 2 1 3 0 1 -1.06797579814982e-01
3 2 1 3 0 3 -5.20034824169822e-02
3 2 1 3 1 0 8.50208493014923e-02
3 2 1 3 1 2 -2.28563635439107e-02
3 2 1 3 2 1 3.73541641682052e-02
3 2 1 3 2 3 8.51326224439695e-03
3 2 1 3 3 0 4.10476897150184e-02
3 2 1 3 3 2 -5.13185381833340e-03
3 2 2 0 0 1 7.85277000068468e-03
3 2 2 0 0 3 5.68066766472785e-02
3 2 2 0 1 0 -3.92638500034234e-03
3 2 2 0 1 2 3.22252570931449e-02
3 2 2 0 2 1 -7.26347385985255e-02
3 2 2 0 2 3 -1.55191931433341e-02
3 2 2 0 3 0 -2.84033383236393e-02
3 2 2 0 3 2 1.20164040215126e-02
3 2 2 1 0 0 -3.92638500034234e-03
3 2 2 1 0 2 3.22252570931449e-02
3 2 2 1 1 3 -4.98512004268220e-03
3 2 2 1 2 0 4.04094815053805e-02
3 2 2 1 2 2 -1.65424452711242e-02
3 2 2 1 3 1 2.49256002134110e-03
3 2 2 1 3 3 2.59287808681523e-03
3 2 2 2 0 1 -7.26347385985255e-02
3 2 2 2 0 3 -1.55191931433341e-02
3 2 2 2 1 0 4.04094815053805e-02
3 2 2 2 1 2 -1.65424452711242e-02
3 2 2 2 2 1 3.30848905422484e-02
3 2 2 2 2 3 1.11233768476938e-02
3 2 2 2 3 0 3.50278912182153e-03
3 2 2 2 3 2 -5.56168842384688e-03
3 2 2 3 0 0 -2.84033383236393e-02
3 2 2 3 0 2 1.20164040215126e-02
3 2 2 3 1 1 2.49256002134110e-03
3 2 2 3 1 3 2.59287808681523e-03
3 2 2 3 2 0 3.50278912182153e-03
3 2 2 3 2 2 -5.56168842384688e-03
3 2 2 3 3 1 -5.18575617363046e-03
3 2 3 0 0 2 4.91127759737267e-02
3 2 3 0 1 1 2.54039969847856e-02
3 2 3 0 1 3 1.48228267215523e-02
3 2 3 0 2 0 -9.82255519474533e-02
3 2 3 0 2 2 -1.05042613783006e-02
3 2 3 0 3 1 6.63860230931674e-03
3 2 3 0 3 3 2.67192103982461e-03
3 2 3 1 0 1 -5.08079939695712e-02
3 2 3 1 0 3 -2.14614290308690e-02
3 2 3 1 1 0 2.54039969847856e-02
3 2 3 1 1 2 -1.92775259117064e-02
3 2 3 1 2 1 3.85550518234128e-02
3 2 3 1 2 3 8.51326224439695e-03
3 2 3 1 3 0 6.63860230931674e-03
3 2 3 1 3 2 -5.13185381833340e-03
3 2 3 2 0 0 4.91127759737267e-02
3 2 3 2 0 2 2.10085227566012e-02
3 2 3 2 1 1 -1.92775259117064e-02
3 2 3 2 1 3 -3.38140842606355e-03
3 2 3 2 2 0 -1.05042613783006e-02
3 2 3 2 3 1 -5.13185381833340e-03
3 2 3 2 3 3 -2.79336647438785e-03
3 2 3 3 0 1 -2.14614290308690e-02
3 2 3 3 0 3 -5.34384207964921e-03
3 2 3 3 1 0 1.48228267215523e-02
3 2 3 3 1 2 -3.38140842606355e-03
3 2 3 3 2 1 8.51326224439695e-03
3 2 3 3 2 3 5.58673294877571e-03
3 2 3 3 3 0 2.67192103982461e-03
3 2 3 3 3 2 -2.79336647438785e-03
3 3 0 0 0 2 -1.05042613783006e-02
3 3 0 0 1 1 -8.64270066761323e-02
3 3 0 0 1 3 1.34313782959878e-01
3 3 0 0 2 0 -1.05042613783006e-02
3 3 0 0 2 2 -3.61157397985597e-01
3 3 0 0 3 1 1.34313782959878e-01
3 3 0 0 3 3 7.24675069668816e-02
3 3 0 1 0 1 4.32135033380662e-02
3 3 0 1 0 3 -6.80321141760737e-02
3 3 0 1 1 0 4.32135033380662e-02
3 3 0 1 1 2 1.06771460700439e-01
3 3 0 1 2 1 1.06771460700439e-01
3 3 0 1 2 3 1.09557927019638e-02
3 3 0 1 3 0 -6.80321141760737e-02
3 3 0 1 3 2 1.09557927019638e-02
3 3 0 2 0 0 2.10085227566012e-02
3 3 0 2 0 2 1.80578698992799e-01
3 3 0 2 1 1 -2.13542921400877e-01
3 3 0 2 1 3 -5.20034824169822e-02
3 3 0 2 2 0 1.80578698992799e-01
3 3 0 2 3 1 -5.20034824169822e-02
3 3 0 2 3 3 -5.34384207964921e-03
3 3 0 3 0 1 -6.62816687838039e-02
3 3 0 3 0 3 -3.62337534834408e-02
3 3 0 3 1 0 -6.62816687838039e-02
3 3 0 3 1 2 4.10476897150184e-02
3 3 0 3 2 1 4.10476897150184e-02
3 3 0 3 2 3 2.67192103982461e-03
3 3 0 3 3 0 -3.62337534834408e-02
3 3 0 3 3 2 2.67192103982461e-03
3 3 1 0 0 1 -1.25015508564038e-02
3 3 1 0 0 3 1.66685392614491e-02
3 3 1 0 1 0 -1.25015508564038e-02
3 3 1 0 1 2 -2.63791388527428e-02
3 3 1 0 2 1 -2.63791388527428e-02
3 3 1 0 2 3 -2.62962304762097e-03
3 3 1 0 3 0 1.66685392614491e-02
3 3 1 0 3 2 -2.62962304762097e-03
3 3 1 1 0 0 2.50031017128076e-02
3 3 1 1 0 2 5.27582777054857e-02
3 3 1 1 2 0 5.27582777054857e-02
3 3 1 1 2 2 -2.46930191228848e-02
3 3 1 1 3 3 4.65177882946818e-03
3 3 1 2 0 1 -2.63791388527428e-02
3 3 1 2 0 3 -1.02665909702570e-02
3 3 1 2 1 0 -2.63791388527428e-02
3 3 1 2 1 2 1.23465095614424e-02
3 3 1 2 2 1 1.23465095614424e-02
3 3 1 2 2 3 2.59287808681523e-03
3 3 1 2 3 0 -1.02665909702570e-02
3 3 1 2 3 2 2.59287808681523e-03
3 3 1 3 0 0 -3.33370785228982e-02
3 3 1 3 0 2 1.28962140178780e-02
3 3 1 3 1 3 -2.32588941473409e-03
3 3 1 3 2 0 1.28962140178780e-02
3 3 1 3 2 2 -5.18575617363046e-03
3 3 1 3 3 1 -2.32588941473409e-03
3 3 2 0 0 2 4.91127759737267e-02
3 3 2 0 1 1 -5.08079939695712e-02
3 3 2 0 1 3 -2.14614290308690e-02
3 3 2 0 2 0 4.91127759737267e-02
3 3 2 0 2 2 2.10085227566012e-02
3 3 2 0 3 1 -2.14614290308690e-02
3 3 2 0 3 3 -5.34384207964921e-03
3 3 2 1 0 1 2.54039969847856e-02
3 3 2 1 0 3 1.48228267215523e-02
3 3 2 1 1 0 2.54039969847856e-02
3 3 2 1 1 2 -1.92775259117064e-02
3 3 2 1 2 1 -1.92775259117064e-02
3 3 2 1 2 3 -3.38140842606355e-03
3 3 2 1 3 0 1.48228267215523e-02
3 3 2 1 3 2 -3.38140842606355e-03
3 3 2 2 0 0 -9.82255519474533e-02
3 3 2 2 0 2 -1.05042613783006e-02
3 3 2 2 1 1 3.85550518234128e-02
3 3 2 2 1 3 8.51326224439695e-03
3 3 2 2 2 0 -1.05042613783006e-02
3 3 2 2 3 1 8.51326224439695e-03
3 3 2 2 3 3 5.58673294877571e-03
3 3 2 3 0 1 6.63860230931674e-03
3 3 2 3 0 3 2.67192103982461e-03
3 3 2 3 1 0 6.63860230931674e-03
3 3 2 3 1 2 -5.13185381833340e-03
3 3 2 3 2 1 -5.13185381833340e-03
3 3 2 3 2 3 -2.79336647438785e-03
3 3 2 3 3 0 2.67192103982461e-03
3 3 2 3 3 2 -2.79336647438785e-03
