4
0 0 1 0 0 1 -1.85450915649896e+00
0 0 1 0 0 3 -4.50716596742630e-02
0 0 1 0 1 0 -1.85450915649896e+00
0 0 1 0 1 2 6.07089052714317e-02
0 0 1 0 2 1 6.07089052714317e-02
0 0 1 0 2 3 2.39016461833033e-01
0 0 1 0 3 0 -4.50716596742630e-02
0 0 1 0 3 2 2.39016461833033e-01
0 0 1 1 0 0 3.70901831299792e+00
0 0 1 1 0 2 -1.27265995689094e-01
0 0 1 1 1 3 2.89333765226522e-03
0 0 1 1 2 0 -1.27265995689094e-01
0 0 1 1 2 2 -2.16842825273934e-01
0 0 1 1 3 1 2.89333765226522e-03
0 0 1 1 3 3 -2.26690761988708e-01
0 0 1 2 0 1 6.65570904176626e-02
0 0 1 2 0 3 9.91607563853033e-03
0 0 1 2 1 0 6.65570904176626e-02
0 0 1 2 1 2 1.08421412636967e-01
0 0 1 2 2 1 1.08421412636967e-01
0 0 1 2 2 3 -4.13622069800221e-03
0 0 1 2 3 0 9.91607563853033e-03
0 0 1 2 3 2 -4.13622069800221e-03
0 0 1 3 0 0 9.01433193485260e-02
0 0 1 3 0 2 -2.48932537471564e-01
0 0 1 3 1 1 -5.78667530453045e-03
0 0 1 3 1 3 1.13345380994354e-01
0 0 1 3 2 0 -2.48932537471564e-01
0 0 1 3 2 2 8.27244139600442e-03
0 0 1 3 3 1 1.13345380994354e-01
0 0 2 0 0 2 -7.88558441181304e-02
0 0 2 0 1 1 2.49419052450513e-02
0 0 2 0 1 3 5.13079757115324e-02
0 0 2 0 2 0 -7.88558441181304e-02
0 0 2 0 3 1 5.13079757115324e-02
0 0 2 0 3 3 1.57736270783180e-03
0 0 2 1 0 1 -1.24709526225256e-02
0 0 2 1 0 3 -2.02529335279821e-03
0 0 2 1 1 0 -1.24709526225256e-02
0 0 2 1 1 2 -2.23799128752154e-02
0 0 2 1 2 1 -2.23799128752154e-02
0 0 2 1 2 3 6.04257400295666e-04
0 0 2 1 3 0 -2.02529335279821e-03
0 0 2 1 3 2 6.04257400295666e-04
0 0 2 2 0 0 1.57711688236261e-01
0 0 2 2 1 1 4.47598257504307e-02
0 0 2 2 1 3 -1.20851480059133e-03
0 0 2 2 3 1 -1.20851480059133e-03
0 0 2 2 3 3 -1.95039607485847e-02
0 0 2 3 0 1 -4.92826823587342e-02
0 0 2 3 0 3 -7.88681353915900e-04
0 0 2 3 1 0 -4.92826823587342e-02
0 0 2 3 1 2 6.04257400295665e-04
0 0 2 3 2 1 6.04257400295665e-04
0 0 2 3 2 3 9.75198037429233e-03
0 0 2 3 3 0 -7.88681353915900e-04
0 0 2 3 3 2 9.75198037429233e-03
0 0 3 0 0 1 -4.50716596742630e-02
0 0 3 0 0 3 -5.35169897834381e-03
0 0 3 0 1 0 -4.50716596742630e-02
0 0 3 0 1 2 1.07901797184042e-03
0 0 3 0 2 1 1.07901797184042e-03
0 0 3 0 2 3 5.91801906294747e-03
0 0 3 0 3 0 -5.35169897834381e-03
0 0 3 0 3 2 5.91801906294747e-03
0 0 3 1 0 0 9.01433193485260e-02
0 0 3 1 0 2 8.67539113315743e-03
0 0 3 1 1 3 -5.35974181403736e-03
0 0 3 1 2 0 8.67539113315743e-03
0 0 3 1 2 2 -5.81615088871100e-03
0 0 3 1 3 1 -5.35974181403736e-03
0 0 3 1 3 3 -5.78667530453044e-03
0 0 3 2 0 1 -9.75440910499785e-03
0 0 3 2 0 3 6.98339167165929e-05
0 0 3 2 1 0 -9.75440910499785e-03
0 0 3 2 1 2 2.90807544435550e-03
0 0 3 2 2 1 2.90807544435550e-03
0 0 3 2 2 3 2.16079561809727e-03
0 0 3 2 3 0 6.98339167165929e-05
0 0 3 2 3 2 2.16079561809727e-03
0 0 3 3 0 0 1.07033979566876e-02
0 0 3 3 0 2 -5.98785297966406e-03
0 0 3 3 1 1 1.07194836280747e-02
0 0 3 3 1 3 2.89333765226522e-03
0 0 3 3 2 0 -5.98785297966406e-03
0 0 3 3 2 2 -4.32159123619454e-03
0 0 3 3 3 1 2.89333765226522e-03
0 1 0 0 0 1 -1.85450915649896e+00
0 1 0 0 0 3 -4.50716596742630e-02
0 1 0 0 1 0 3.70901831299792e+00
0 1 0 0 1 2 -1.27265995689094e-01
0 1 0 0 2 1 6.65570904176626e-02
0 1 0 0 2 3 9.91607563853033e-03
0 1 0 0 3 0 9.01433193485260e-02
0 1 0 0 3 2 -2.48932537471564e-01
0 1 0 1 0 0 -1.85450915649896e+00
0 1 0 1 0 2 6.07089052714317e-02
0 1 0 1 1 3 2.89333765226522e-03
0 1 0 1 2 0 6.65570904176626e-02
0 1 0 1 2 2 1.08421412636967e-01
0 1 0 1 3 1 -5.78667530453045e-03
0 1 0 1 3 3 1.13345380994354e-01
0 1 0 2 0 1 6.07089052714317e-02
0 1 0 2 0 3 2.39016461833033e-01
0 1 0 2 1 0 -1.27265995689094e-01
0 1 0 2 1 2 -2.16842825273934e-01
0 1 0 2 2 1 1.08421412636967e-01
0 1 0 2 2 3 -4.13622069800221e-03
0 1 0 2 3 0 -2.48932537471564e-01
0 1 0 2 3 2 8.27244139600442e-03
0 1 0 3 0 0 -4.50716596742630e-02
0 1 0 3 0 2 2.39016461833033e-01
0 1 0 3 1 1 2.89333765226522e-03
0 1 0 3 1 3 -2.26690761988708e-01
0 1 0 3 2 0 9.91607563853033e-03
0 1 0 3 2 2 -4.13622069800221e-03
0 1 0 3 3 1 1.13345380994354e-01
0 1 1 0 0 2 2.49419052450513e-02
0 1 1 0 1 1 -1.85527378427000e+00
0 1 1 0 1 3 -5.51027334324428e-02
0 1 1 0 2 0 -1.24709526225256e-02
0 1 1 0 2 2 3.82287399307819e-01
0 1 1 0 3 1 -4.76290367654663e-02
0 1 1 0 3 3 8.75119930360493e-02
0 1 1 1 0 1 -1.85527378427000e+00
0 1 1 1 0 3 -5.51027334324428e-02
0 1 1 1 1 0 3.71054756854001e+00
0 1 1 1 1 2 -1.13837833124186e-01
0 1 1 1 2 1 5.69189165620932e-02
0 1 1 1 2 3 9.91403747978895e-03
0 1 1 1 3 0 1.02731770197909e-01
0 1 1 1 3 2 -2.48928461154081e-01
0 1 1 2 0 0 -1.24709526225256e-02
0 1 1 2 0 2 3.82287399307819e-01
0 1 1 2 1 1 5.69189165620932e-02
0 1 1 2 1 3 9.91403747978895e-03
0 1 1 2 2 0 -7.64574798615639e-01
0 1 1 2 3 1 2.39014423674292e-01
0 1 1 2 3 3 5.36573330266838e-03
0 1 1 3 0 1 -4.76290367654663e-02
0 1 1 3 0 3 8.75119930360493e-02
0 1 1 3 1 0 1.02731770197909e-01
0 1 1 3 1 2 -2.48928461154081e-01
0 1 1 3 2 1 2.39014423674292e-01
0 1 1 3 2 3 5.36573330266838e-03
0 1 1 3 3 0 -1.75023986072098e-01
0 1 1 3 3 2 -1.07314666053368e-02
0 1 2 0 0 1 6.07089052714317e-02
0 1 2 0 0 3 1.07901797184042e-03
0 1 2 0 1 0 -1.27265995689094e-01
0 1 2 0 1 2 1.59163012269693e-02
0 1 2 0 2 1 -1.26782844235479e-02
0 1 2 0 2 3 -3.40553688231326e-04
0 1 2 0 3 0 8.67539113315743e-03
0 1 2 0 3 2 8.62745159366894e-03
0 1 2 1 0 0 6.65570904176626e-02
0 1 2 1 0 2 -1.26782844235479e-02
0 1 2 1 1 3 -6.00484470882080e-04
0 1 2 1 2 0 -2.33322867629545e-02
0 1 2 1 2 2 -3.16171122672763e-03
0 1 2 1 3 1 1.52124345861320e-02
0 1 2 1 3 3 -3.69754503790101e-03
0 1 2 2 0 1 7.41598553598517e-03
0 1 2 2 0 3 -7.81425035520787e-03
0 1 2 2 1 0 2.53565688470957e-02
0 1 2 2 1 2 6.68554687612595e-03
0 1 2 2 2 1 -3.52383564939832e-03
0 1 2 2 2 3 3.46027447232622e-04
0 1 2 2 3 0 8.62745159366893e-03
0 1 2 2 3 2 -6.53630315887800e-03
0 1 2 3 0 0 -9.75440910499785e-03
0 1 2 3 0 2 -8.28689790543761e-03
0 1 2 3 1 1 -1.46119501152499e-02
0 1 2 3 1 3 7.39509007580203e-03
0 1 2 3 2 0 -8.13201238461056e-04
0 1 2 3 2 2 6.19027571164538e-03
0 1 2 3 3 1 -3.69754503790101e-03
0 1 3 0 0 2 5.13079757115324e-02
0 1 3 0 1 1 -5.51027334324428e-02
0 1 3 0 1 3 -2.25676589919079e-02
0 1 3 0 2 0 -2.02529335279821e-03
0 1 3 0 2 2 9.75854963563940e-03
0 1 3 0 3 1 -1.19136566525013e-02
0 1 3 0 3 3 1.74417585274224e-03
0 1 3 1 0 1 -4.76290367654663e-02
0 1 3 1 0 3 -1.19136566525013e-02
0 1 3 1 1 0 1.02731770197909e-01
0 1 3 1 1 2 1.14750050044606e-02
0 1 3 1 2 1 9.68508069913469e-04
0 1 3 1 2 3 2.66153059940225e-04
0 1 3 1 3 0 1.43870456848762e-02
0 1 3 1 3 2 -6.74261568878201e-03
0 1 3 2 0 0 -4.92826823587342e-02
0 1 3 2 0 2 9.75854963563940e-03
0 1 3 2 1 1 -1.24435130743741e-02
0 1 3 2 1 3 6.28277482610905e-04
0 1 3 2 2 0 -1.95170992712788e-02
0 1 3 2 3 1 6.47646262884179e-03
0 1 3 2 3 3 6.19231387038670e-03
0 1 3 3 0 1 8.18061330703174e-03
0 1 3 3 0 3 2.21682340297197e-03
0 1 3 3 1 0 2.38273133050026e-02
0 1 3 3 1 2 -6.74261568878199e-03
0 1 3 3 2 1 6.11433820617109e-03
0 1 3 3 2 3 3.48065605973946e-04
0 1 3 3 3 0 -3.96099925571421e-03
0 1 3 3 3 2 -6.54037947636065e-03
0 2 0 0 0 2 -7.88558441181304e-02
0 2 0 0 1 1 -1.24709526225256e-02
0 2 0 0 1 3 -2.02529335279821e-03
0 2 0 0 2 0 1.57711688236261e-01
0 2 0 0 3 1 -4.92826823587342e-02
0 2 0 0 3 3 -7.88681353915900e-04
0 2 0 1 0 1 2.49419052450513e-02
0 2 0 1 0 3 5.13079757115324e-02
0 2 0 1 1 0 -1.24709526225256e-02
0 2 0 1 1 2 -2.23799128752154e-02
0 2 0 1 2 1 4.47598257504307e-02
0 2 0 1 2 3 -1.20851480059133e-03
0 2 0 1 3 0 -4.92826823587342e-02
0 2 0 1 3 2 6.04257400295665e-04
0 2 0 2 0 0 -7.88558441181304e-02
0 2 0 2 1 1 -2.23799128752154e-02
0 2 0 2 1 3 6.04257400295666e-04
0 2 0 2 3 1 6.04257400295665e-04
0 2 0 2 3 3 9.75198037429233e-03
0 2 0 3 0 1 5.13079757115324e-02
0 2 0 3 0 3 1.57736270783180e-03
0 2 0 3 1 0 -2.02529335279821e-03
0 2 0 3 1 2 6.04257400295666e-04
0 2 0 3 2 1 -1.20851480059133e-03
0 2 0 3 2 3 -1.95039607485847e-02
0 2 0 3 3 0 -7.88681353915900e-04
0 2 0 3 3 2 9.75198037429233e-03
0 2 1 0 0 1 6.07089052714317e-02
0 2 1 0 0 3 1.07901797184042e-03
0 2 1 0 1 0 6.65570904176626e-02
0 2 1 0 1 2 -1.26782844235479e-02
0 2 1 0 2 1 7.41598553598517e-03
0 2 1 0 2 3 -7.81425035520787e-03
0 2 1 0 3 0 -9.75440910499785e-03
0 2 1 0 3 2 -8.28689790543761e-03
0 2 1 1 0 0 -1.27265995689094e-01
0 2 1 1 0 2 1.59163012269693e-02
0 2 1 1 1 3 -6.00484470882080e-04
0 2 1 1 2 0 2.53565688470957e-02
0 2 1 1 2 2 6.68554687612595e-03
0 2 1 1 3 1 -1.46119501152499e-02
0 2 1 1 3 3 7.39509007580203e-03
0 2 1 2 0 1 -1.26782844235479e-02
0 2 1 2 0 3 -3.40553688231326e-04
0 2 1 2 1 0 -2.33322867629545e-02
0 2 1 2 1 2 -3.16171122672763e-03
0 2 1 2 2 1 -3.52383564939832e-03
0 2 1 2 2 3 3.46027447232622e-04
0 2 1 2 3 0 -8.13201238461056e-04
0 2 1 2 3 2 6.19027571164538e-03
0 2 1 3 0 0 8.67539113315743e-03
0 2 1 3 0 2 8.62745159366894e-03
0 2 1 3 1 1 1.52124345861320e-02
0 2 1 3 1 3 -3.69754503790101e-03
0 2 1 3 2 0 8.62745159366893e-03
0 2 1 3 2 2 -6.53630315887800e-03
0 2 1 3 3 1 -3.69754503790101e-03
0 2 2 0 1 1 3.82287399307819e-01
0 2 2 0 1 3 9.75854963563940e-03
0 2 2 0 2 2 -7.88558441181304e-02
0 2 2 0 3 1 9.75854963563940e-03
0 2 2 0 3 3 -1.80771526909577e-02
0 2 2 1 0 1 3.82287399307819e-01
0 2 2 1 0 3 9.75854963563940e-03
0 2 2 1 1 0 -7.64574798615639e-01
0 2 2 1 1 2 2.49419052450513e-02
0 2 2 1 2 1 -1.24709526225257e-02
0 2 2 1 2 3 -2.02529335279818e-03
0 2 2 1 3 0 -1.95170992712788e-02
0 2 2 1 3 2 5.13079757115324e-02
0 2 2 2 0 2 -7.88558441181304e-02
0 2 2 2 1 1 -1.24709526225257e-02
0 2 2 2 1 3 -2.02529335279818e-03
0 2 2 2 2 0 1.57711688236261e-01
0 2 2 2 3 1 -4.92826823587343e-02
0 2 2 2 3 3 -7.88681353915901e-04
0 2 2 3 0 1 9.75854963563940e-03
0 2 2 3 0 3 -1.80771526909577e-02
0 2 2 3 1 0 -1.95170992712788e-02
0 2 2 3 1 2 5.13079757115324e-02
0 2 2 3 2 1 -4.92826823587343e-02
0 2 2 3 2 3 -7.88681353915901e-04
0 2 2 3 3 0 3.61543053819154e-02
0 2 2 3 3 2 1.57736270783180e-03
0 2 3 0 0 1 2.39016461833033e-01
0 2 3 0 0 3 5.91801906294747e-03
0 2 3 0 1 0 9.91607563853033e-03
0 2 3 0 1 2 -3.40553688231326e-04
0 2 3 0 2 1 -7.81425035520787e-03
0 2 3 0 2 3 -2.13679093250158e-02
0 2 3 0 3 0 6.98339167165929e-05
0 2 3 0 3 2 -1.07139069856092e-02
0 2 3 1 0 0 -2.48932537471564e-01
0 2 3 1 0 2 8.62745159366894e-03
0 2 3 1 1 3 -2.33838176996153e-04
0 2 3 1 2 0 8.62745159366893e-03
0 2 3 1 2 2 1.45495226887669e-02
0 2 3 1 3 1 -2.33838176996153e-04
0 2 3 1 3 3 1.52124345861320e-02
0 2 3 2 0 1 -8.28689790543761e-03
0 2 3 2 0 3 -1.07139069856092e-02
0 2 3 2 1 0 -8.13201238461056e-04
0 2 3 2 1 2 -5.68750772239663e-04
0 2 3 2 2 1 -1.39807719165272e-02
0 2 3 2 2 3 4.75178866267806e-04
0 2 3 2 3 0 9.38036297392386e-03
0 2 3 2 3 2 1.13054443597115e-04
0 2 3 3 0 0 -5.98785297966406e-03
0 2 3 3 0 2 1.19875463510919e-02
0 2 3 3 1 1 4.67676353992306e-04
0 2 3 3 1 3 -6.00484470882084e-04
0 2 3 3 2 0 2.14278139712183e-02
0 2 3 3 2 2 -5.88233309864921e-04
0 2 3 3 3 1 -1.46119501152499e-02
0 3 0 0 0 1 -4.50716596742630e-02
0 3 0 0 0 3 -5.35169897834381e-03
0 3 0 0 1 0 9.01433193485260e-02
0 3 0 0 1 2 8.67539113315743e-03
0 3 0 0 2 1 -9.75440910499785e-03
0 3 0 0 2 3 6.98339167165929e-05
0 3 0 0 3 0 1.07033979566876e-02
0 3 0 0 3 2 -5.98785297966406e-03
0 3 0 1 0 0 -4.50716596742630e-02
0 3 0 1 0 2 1.07901797184042e-03
0 3 0 1 1 3 -5.35974181403736e-03
0 3 0 1 2 0 -9.75440910499785e-03
0 3 0 1 2 2 2.90807544435550e-03
0 3 0 1 3 1 1.07194836280747e-02
0 3 0 1 3 3 2.89333765226522e-03
0 3 0 2 0 1 1.07901797184042e-03
0 3 0 2 0 3 5.91801906294747e-03
0 3 0 2 1 0 8.67539113315743e-03
0 3 0 2 1 2 -5.81615088871100e-03
0 3 0 2 2 1 2.90807544435550e-03
0 3 0 2 2 3 2.16079561809727e-03
0 3 0 2 3 0 -5.98785297966406e-03
0 3 0 2 3 2 -4.32159123619454e-03
0 3 0 3 0 0 -5.35169897834381e-03
0 3 0 3 0 2 5.91801906294747e-03
0 3 0 3 1 1 -5.35974181403736e-03
0 3 0 3 1 3 -5.78667530453044e-03
0 3 0 3 2 0 6.98339167165929e-05
0 3 0 3 2 2 2.16079561809727e-03
0 3 0 3 3 1 2.89333765226522e-03
0 3 1 0 0 2 5.13079757115324e-02
0 3 1 0 1 1 -4.76290367654663e-02
0 3 1 0 1 3 -1.19136566525013e-02
0 3 1 0 2 0 -4.92826823587342e-02
0 3 1 0 2 2 9.75854963563940e-03
0 3 1 0 3 1 8.18061330703174e-03
0 3 1 0 3 3 2.21682340297197e-03
0 3 1 1 0 1 -5.51027334324428e-02
0 3 1 1 0 3 -2.25676589919079e-02
0 3 1 1 1 0 1.02731770197909e-01
0 3 1 1 1 2 1.14750050044606e-02
0 3 1 1 2 1 -1.24435130743741e-02
0 3 1 1 2 3 6.28277482610905e-04
0 3 1 1 3 0 2.38273133050026e-02
0 3 1 1 3 2 -6.74261568878199e-03
0 3 1 2 0 0 -2.02529335279821e-03
0 3 1 2 0 2 9.75854963563940e-03
0 3 1 2 1 1 9.68508069913469e-04
0 3 1 2 1 3 2.66153059940225e-04
0 3 1 2 2 0 -1.95170992712788e-02
0 3 1 2 3 1 6.11433820617109e-03
0 3 1 2 3 3 3.48065605973946e-04
0 3 1 3 0 1 -1.19136566525013e-02
0 3 1 3 0 3 1.74417585274224e-03
0 3 1 3 1 0 1.43870456848762e-02
0 3 1 3 1 2 -6.74261568878201e-03
0 3 1 3 2 1 6.47646262884179e-03
0 3 1 3 2 3 6.19231387038670e-03
0 3 1 3 3 0 -3.96099925571421e-03
0 3 1 3 3 2 -6.54037947636065e-03
0 3 2 0 0 1 2.39016461833033e-01
0 3 2 0 0 3 5.91801906294747e-03
0 3 2 0 1 0 -2.48932537471564e-01
0 3 2 0 1 2 8.62745159366894e-03
0 3 2 0 2 1 -8.28689790543761e-03
0 3 2 0 2 3 -1.07139069856092e-02
0 3 2 0 3 0 -5.98785297966406e-03
0 3 2 0 3 2 1.19875463510919e-02
0 3 2 1 0 0 9.91607563853033e-03
0 3 2 1 0 2 -3.40553688231326e-04
0 3 2 1 1 3 -2.33838176996153e-04
0 3 2 1 2 0 -8.13201238461056e-04
0 3 2 1 2 2 -5.68750772239663e-04
0 3 2 1 3 1 4.67676353992306e-04
0 3 2 1 3 3 -6.00484470882084e-04
0 3 2 2 0 1 -7.81425035520787e-03
0 3 2 2 0 3 -2.13679093250158e-02
0 3 2 2 1 0 8.62745159366893e-03
0 3 2 2 1 2 1.45495226887669e-02
0 3 2 2 2 1 -1.39807719165272e-02
0 3 2 2 2 3 4.75178866267806e-04
0 3 2 2 3 0 2.14278139712183e-02
0 3 2 2 3 2 -5.88233309864921e-04
0 3 2 3 0 0 6.98339167165929e-05
0 3 2 3 0 2 -1.07139069856092e-02
0 3 2 3 1 1 -2.33838176996153e-04
0 3 2 3 1 3 1.52124345861320e-02
0 3 2 3 2 0 9.38036297392386e-03
0 3 2 3 2 2 1.13054443597115e-04
0 3 2 3 3 1 -1.46119501152499e-02
0 3 3 0 0 2 1.57736270783180e-03
0 3 3 0 1 1 8.75119930360493e-02
0 3 3 0 1 3 1.74417585274224e-03
0 3 3 0 2 0 -7.88681353915900e-04
0 3 3 0 2 2 -1.80771526909577e-02
0 3 3 0 3 1 2.21682340297197e-03
0 3 3 0 3 3 -4.15194931145170e-03
0 3 3 1 0 1 8.75119930360493e-02
0 3 3 1 0 3 1.74417585274224e-03
0 3 3 1 1 0 -1.75023986072098e-01
0 3 3 1 1 2 6.16542597354936e-03
0 3 3 1 2 1 -3.08271298677468e-03
0 3 3 1 2 3 -4.58240870312707e-04
0 3 3 1 3 0 -3.96099925571421e-03
0 3 3 1 3 2 1.17499088174637e-02
0 3 3 2 0 0 -7.88681353915900e-04
0 3 3 2 0 2 -1.80771526909577e-02
0 3 3 2 1 1 -3.08271298677468e-03
0 3 3 2 1 3 -4.58240870312707e-04
0 3 3 2 2 0 3.61543053819154e-02
0 3 3 2 3 1 -1.12916679471510e-02
0 3 3 2 3 3 -8.32646996265074e-05
0 3 3 3 0 1 2.21682340297197e-03
0 3 3 3 0 3 -4.15194931145170e-03
0 3 3 3 1 0 -3.96099925571421e-03
0 3 3 3 1 2 1.17499088174637e-02
0 3 3 3 2 1 -1.12916679471510e-02
0 3 3 3 2 3 -8.32646996265074e-05
0 3 3 3 3 0 8.30389862290340e-03
0 3 3 3 3 2 1.66529399253015e-04
1 0 0 0 0 1 3.70901831299792e+00
1 0 0 0 0 3 9.01433193485260e-02
1 0 0 0 1 0 -1.85450915649896e+00
1 0 0 0 1 2 6.65570904176626e-02
1 0 0 0 2 1 -1.27265995689094e-01
1 0 0 0 2 3 -2.48932537471564e-01
1 0 0 0 3 0 -4.50716596742630e-02
1 0 0 0 3 2 9.91607563853033e-03
1 0 0 1 0 0 -1.85450915649896e+00
1 0 0 1 0 2 6.65570904176626e-02
1 0 0 1 1 3 -5.78667530453045e-03
1 0 0 1 2 0 6.07089052714317e-02
1 0 0 1 2 2 1.08421412636967e-01
1 0 0 1 3 1 2.89333765226522e-03
1 0 0 1 3 3 1.13345380994354e-01
1 0 0 2 0 1 -1.27265995689094e-01
1 0 0 2 0 3 -2.48932537471564e-01
1 0 0 2 1 0 6.07089052714317e-02
1 0 0 2 1 2 1.08421412636967e-01
1 0 0 2 2 1 -2.16842825273934e-01
1 0 0 2 2 3 8.27244139600442e-03
1 0 0 2 3 0 2.39016461833033e-01
1 0 0 2 3 2 -4.13622069800221e-03
1 0 0 3 0 0 -4.50716596742630e-02
1 0 0 3 0 2 9.91607563853033e-03
1 0 0 3 1 1 2.89333765226522e-03
1 0 0 3 1 3 1.13345380994354e-01
1 0 0 3 2 0 2.39016461833033e-01
1 0 0 3 2 2 -4.13622069800221e-03
1 0 0 3 3 1 -2.26690761988708e-01
1 0 1 0 0 2 -1.24709526225256e-02
1 0 1 0 1 1 -1.85527378427000e+00
1 0 1 0 1 3 -4.76290367654663e-02
1 0 1 0 2 0 2.49419052450513e-02
1 0 1 0 2 2 3.82287399307819e-01
1 0 1 0 3 1 -5.51027334324428e-02
1 0 1 0 3 3 8.75119930360493e-02
1 0 1 1 0 1 3.71054756854001e+00
1 0 1 1 0 3 1.02731770197909e-01
1 0 1 1 1 0 -1.85527378427000e+00
1 0 1 1 1 2 5.69189165620932e-02
1 0 1 1 2 1 -1.13837833124186e-01
1 0 1 1 2 3 -2.48928461154081e-01
1 0 1 1 3 0 -5.51027334324428e-02
1 0 1 1 3 2 9.91403747978895e-03
1 0 1 2 0 0 -1.24709526225256e-02
1 0 1 2 0 2 -7.64574798615639e-01
1 0 1 2 1 1 5.69189165620932e-02
1 0 1 2 1 3 2.39014423674292e-01
1 0 1 2 2 0 3.82287399307819e-01
1 0 1 2 3 1 9.91403747978895e-03
1 0 1 2 3 3 5.36573330266838e-03
1 0 1 3 0 1 1.02731770197909e-01
1 0 1 3 0 3 -1.75023986072098e-01
1 0 1 3 1 0 -4.76290367654663e-02
1 0 1 3 1 2 2.39014423674292e-01
1 0 1 3 2 1 -2.48928461154081e-01
1 0 1 3 2 3 -1.07314666053368e-02
1 0 1 3 3 0 8.75119930360493e-02
1 0 1 3 3 2 5.36573330266838e-03
1 0 2 0 0 1 -1.27265995689094e-01
1 0 2 0 0 3 8.67539113315743e-03
1 0 2 0 1 0 6.07089052714317e-02
1 0 2 0 1 2 -1.26782844235479e-02
1 0 2 0 2 1 1.59163012269693e-02
1 0 2 0 2 3 8.62745159366894e-03
1 0 2 0 3 0 1.07901797184042e-03
1 0 2 0 3 2 -3.40553688231326e-04
1 0 2 1 0 0 6.65570904176626e-02
1 0 2 1 0 2 -2.33322867629545e-02
1 0 2 1 1 3 1.52124345861320e-02
1 0 2 1 2 0 -1.26782844235479e-02
1 0 2 1 2 2 -3.16171122672763e-03
1 0 2 1 3 1 -6.00484470882080e-04
1 0 2 1 3 3 -3.69754503790101e-03
1 0 2 2 0 1 2.53565688470957e-02
1 0 2 2 0 3 8.62745159366893e-03
1 0 2 2 1 0 7.41598553598517e-03
1 0 2 2 1 2 -3.52383564939832e-03
1 0 2 2 2 1 6.68554687612595e-03
1 0 2 2 2 3 -6.53630315887800e-03
1 0 2 2 3 0 -7.81425035520787e-03
1 0 2 2 3 2 3.46027447232622e-04
1 0 2 3 0 0 -9.75440910499785e-03
1 0 2 3 0 2 -8.13201238461056e-04
1 0 2 3 1 1 -1.46119501152499e-02
1 0 2 3 1 3 -3.69754503790101e-03
1 0 2 3 2 0 -8.28689790543761e-03
1 0 2 3 2 2 6.19027571164538e-03
1 0 2 3 3 1 7.39509007580203e-03
1 0 3 0 0 2 -2.02529335279821e-03
1 0 3 0 1 1 -5.51027334324428e-02
1 0 3 0 1 3 -1.19136566525013e-02
1 0 3 0 2 0 5.13079757115324e-02
1 0 3 0 2 2 9.75854963563940e-03
1 0 3 0 3 1 -2.25676589919079e-02
1 0 3 0 3 3 1.74417585274224e-03
1 0 3 1 0 1 1.02731770197909e-01
1 0 3 1 0 3 1.43870456848762e-02
1 0 3 1 1 0 -4.76290367654663e-02
1 0 3 1 1 2 9.68508069913469e-04
1 0 3 1 2 1 1.14750050044606e-02
1 0 3 1 2 3 -6.74261568878201e-03
1 0 3 1 3 0 -1.19136566525013e-02
1 0 3 1 3 2 2.66153059940225e-04
1 0 3 2 0 0 -4.92826823587342e-02
1 0 3 2 0 2 -1.95170992712788e-02
1 0 3 2 1 1 -1.24435130743741e-02
1 0 3 2 1 3 6.47646262884179e-03
1 0 3 2 2 0 9.75854963563940e-03
1 0 3 2 3 1 6.28277482610905e-04
1 0 3 2 3 3 6.19231387038670e-03
1 0 3 3 0 1 2.38273133050026e-02
1 0 3 3 0 3 -3.96099925571421e-03
1 0 3 3 1 0 8.18061330703174e-03
1 0 3 3 1 2 6.11433820617109e-03
1 0 3 3 2 1 -6.74261568878199e-03
1 0 3 3 2 3 -6.54037947636065e-03
1 0 3 3 3 0 2.21682340297197e-03
1 0 3 3 3 2 3.48065605973946e-04
1 1 0 0 0 2 -1.24709526225256e-02
1 1 0 0 1 1 3.71054756854001e+00
1 1 0 0 1 3 1.02731770197909e-01
1 1 0 0 2 0 -1.24709526225256e-02
1 1 0 0 2 2 -7.64574798615639e-01
1 1 0 0 3 1 1.02731770197909e-01
1 1 0 0 3 3 -1.75023986072098e-01
1 1 0 1 0 1 -1.85527378427000e+00
1 1 0 1 0 3 -4.76290367654663e-02
1 1 0 1 1 0 -1.85527378427000e+00
1 1 0 1 1 2 5.69189165620932e-02
1 1 0 1 2 1 5.69189165620932e-02
1 1 0 1 2 3 2.39014423674292e-01
1 1 0 1 3 0 -4.76290367654663e-02
1 1 0 1 3 2 2.39014423674292e-01
1 1 0 2 0 0 2.49419052450513e-02
1 1 0 2 0 2 3.82287399307819e-01
1 1 0 2 1 1 -1.13837833124186e-01
1 1 0 2 1 3 -2.48928461154081e-01
1 1 0 2 2 0 3.82287399307819e-01
1 1 0 2 3 1 -2.48928461154081e-01
1 1 0 2 3 3 -1.07314666053368e-02
1 1 0 3 0 1 -5.51027334324428e-02
1 1 0 3 0 3 8.75119930360493e-02
1 1 0 3 1 0 -5.51027334324428e-02
1 1 0 3 1 2 9.91403747978895e-03
1 1 0 3 2 1 9.91403747978895e-03
1 1 0 3 2 3 5.36573330266838e-03
1 1 0 3 3 0 8.75119930360493e-02
1 1 0 3 3 2 5.36573330266838e-03
1 1 2 0 0 2 -2.23799128752154e-02
1 1 2 0 1 1 -1.13837833124186e-01
1 1 2 0 1 3 1.14750050044606e-02
1 1 2 0 2 0 -2.23799128752154e-02
1 1 2 0 2 2 2.49419052450513e-02
1 1 2 0 3 1 1.14750050044606e-02
1 1 2 0 3 3 6.16542597354936e-03
1 1 2 1 0 1 5.69189165620932e-02
1 1 2 1 0 3 9.68508069913469e-04
1 1 2 1 1 0 5.69189165620932e-02
1 1 2 1 1 2 -8.32386194017794e-03
1 1 2 1 2 1 -8.32386194017794e-03
1 1 2 1 2 3 -7.62250123064417e-03
1 1 2 1 3 0 9.68508069913469e-04
1 1 2 1 3 2 -7.62250123064417e-03
1 1 2 2 0 0 4.47598257504307e-02
1 1 2 2 0 2 -1.24709526225257e-02
1 1 2 2 1 1 1.66477238803559e-02
1 1 2 2 1 3 7.77130579431180e-03
1 1 2 2 2 0 -1.24709526225257e-02
1 1 2 2 3 1 7.77130579431180e-03
1 1 2 2 3 3 -5.28592054702512e-03
1 1 2 3 0 1 -1.24435130743741e-02
1 1 2 3 0 3 -3.08271298677468e-03
1 1 2 3 1 0 -1.24435130743741e-02
1 1 2 3 1 2 -1.48804563667628e-04
1 1 2 3 2 1 -1.48804563667628e-04
1 1 2 3 2 3 2.64296027351256e-03
1 1 2 3 3 0 -3.08271298677468e-03
1 1 2 3 3 2 2.64296027351256e-03
1 1 3 0 0 1 2.89333765226522e-03
1 1 3 0 0 3 -5.35974181403736e-03
1 1 3 0 1 0 2.89333765226522e-03
1 1 3 0 1 2 -6.00484470882080e-04
1 1 3 0 2 1 -6.00484470882080e-04
1 1 3 0 2 3 -2.33838176996153e-04
1 1 3 0 3 0 -5.35974181403736e-03
1 1 3 0 3 2 -2.33838176996153e-04
1 1 3 1 0 0 -5.78667530453045e-03
1 1 3 1 0 2 1.52124345861320e-02
1 1 3 1 1 3 -6.93204816512997e-03
1 1 3 1 2 0 1.52124345861320e-02
1 1 3 1 2 2 -3.58315682803983e-04
1 1 3 1 3 1 -6.93204816512997e-03
1 1 3 2 0 1 -1.46119501152499e-02
1 1 3 2 0 3 -2.33838176996153e-04
1 1 3 2 1 0 -1.46119501152499e-02
1 1 3 2 1 2 1.79157841401992e-04
1 1 3 2 2 1 1.79157841401992e-04
1 1 3 2 2 3 2.89138991495664e-03
1 1 3 2 3 0 -2.33838176996153e-04
1 1 3 2 3 2 2.89138991495664e-03
1 1 3 3 0 0 1.07194836280747e-02
1 1 3 3 0 2 4.67676353992306e-04
1 1 3 3 1 1 1.38640963302599e-02
1 1 3 3 2 0 4.67676353992306e-04
1 1 3 3 2 2 -5.78277982991327e-03
1 2 0 0 0 1 -1.27265995689094e-01
1 2 0 0 0 3 8.67539113315743e-03
1 2 0 0 1 0 6.65570904176626e-02
1 2 0 0 1 2 -2.33322867629545e-02
1 2 0 0 2 1 2.53565688470957e-02
1 2 0 0 2 3 8.62745159366893e-03
1 2 0 0 3 0 -9.75440910499785e-03
1 2 0 0 3 2 -8.13201238461056e-04
1 2 0 1 0 0 6.07089052714317e-02
1 2 0 1 0 2 -1.26782844235479e-02
1 2 0 1 1 3 1.52124345861320e-02
1 2 0 1 2 0 7.41598553598517e-03
1 2 0 1 2 2 -3.52383564939832e-03
1 2 0 1 3 1 -1.46119501152499e-02
1 2 0 1 3 3 -3.69754503790101e-03
1 2 0 2 0 1 1.59163012269693e-02
1 2 0 2 0 3 8.62745159366894e-03
1 2 0 2 1 0 -1.26782844235479e-02
1 2 0 2 1 2 -3.16171122672763e-03
1 2 0 2 2 1 6.68554687612595e-03
1 2 0 2 2 3 -6.53630315887800e-03
1 2 0 2 3 0 -8.28689790543761e-03
1 2 0 2 3 2 6.19027571164538e-03
1 2 0 3 0 0 1.07901797184042e-03
1 2 0 3 0 2 -3.40553688231326e-04
1 2 0 3 1 1 -6.00484470882080e-04
1 2 0 3 1 3 -3.69754503790101e-03
1 2 0 3 2 0 -7.81425035520787e-03
1 2 0 3 2 2 3.46027447232622e-04
1 2 0 3 3 1 7.39509007580203e-03
1 2 1 0 0 2 -2.23799128752154e-02
1 2 1 0 1 1 5.69189165620932e-02
1 2 1 0 1 3 9.68508069913469e-04
1 2 1 0 2 0 4.47598257504307e-02
1 2 1 0 2 2 -1.24709526225257e-02
1 2 1 0 3 1 -1.24435130743741e-02
1 2 1 0 3 3 -3.08271298677468e-03
1 2 1 1 0 1 -1.13837833124186e-01
1 2 1 1 0 3 1.14750050044606e-02
1 2 1 1 1 0 5.69189165620932e-02
1 2 1 1 1 2 -8.32386194017794e-03
1 2 1 1 2 1 1.66477238803559e-02
1 2 1 1 2 3 7.77130579431180e-03
1 2 1 1 3 0 -1.24435130743741e-02
1 2 1 1 3 2 -1.48804563667628e-04
1 2 1 2 0 0 -2.23799128752154e-02
1 2 1 2 0 2 2.49419052450513e-02
1 2 1 2 1 1 -8.32386194017794e-03
1 2 1 2 1 3 -7.62250123064417e-03
1 2 1 2 2 0 -1.24709526225257e-02
1 2 1 2 3 1 -1.48804563667628e-04
1 2 1 2 3 3 2.64296027351256e-03
1 2 1 3 0 1 1.14750050044606e-02
1 2 1 3 0 3 6.16542597354936e-03
1 2 1 3 1 0 9.68508069913469e-04
1 2 1 3 1 2 -7.62250123064417e-03
1 2 1 3 2 1 7.77130579431180e-03
1 2 1 3 2 3 -5.28592054702512e-03
1 2 1 3 3 0 -3.08271298677468e-03
1 2 1 3 3 2 2.64296027351256e-03
1 2 2 0 0 1 -2.16842825273934e-01
1 2 2 0 0 3 -5.81615088871100e-03
1 2 2 0 1 0 1.08421412636967e-01
1 2 2 0 1 2 -3.16171122672763e-03
1 2 2 0 2 1 6.68554687612595e-03
1 2 2 0 2 3 1.45495226887669e-02
1 2 2 0 3 0 2.90807544435550e-03
1 2 2 0 3 2 -5.68750772239663e-04
1 2 2 1 0 0 1.08421412636967e-01
1 2 2 1 0 2 -3.16171122672763e-03
1 2 2 1 1 3 -3.58315682803983e-04
1 2 2 1 2 0 -3.52383564939832e-03
1 2 2 1 2 2 -6.35622676940949e-03
1 2 2 1 3 1 1.79157841401992e-04
1 2 2 1 3 3 -6.63547832351966e-03
1 2 2 2 0 1 6.68554687612595e-03
1 2 2 2 0 3 1.45495226887669e-02
1 2 2 2 1 0 -3.52383564939832e-03
1 2 2 2 1 2 -6.35622676940949e-03
1 2 2 2 2 1 1.27124535388190e-02
1 2 2 2 2 3 -1.93530910725804e-04
1 2 2 2 3 0 -1.39807719165272e-02
1 2 2 2 3 2 9.67654553629018e-05
1 2 2 3 0 0 2.90807544435550e-03
1 2 2 3 0 2 -5.68750772239663e-04
1 2 2 3 1 1 1.79157841401992e-04
1 2 2 3 1 3 -6.63547832351966e-03
1 2 2 3 2 0 -1.39807719165272e-02
1 2 2 3 2 2 9.67654553629018e-05
1 2 2 3 3 1 1.32709566470393e-02
1 2 3 0 0 2 6.04257400295666e-04
1 2 3 0 1 1 9.91403747978895e-03
1 2 3 0 1 3 2.66153059940225e-04
1 2 3 0 2 0 -1.20851480059133e-03
1 2 3 0 2 2 -2.02529335279818e-03
1 2 3 0 3 1 6.28277482610905e-04
1 2 3 0 3 3 -4.58240870312707e-04
1 2 3 1 0 1 -2.48928461154081e-01
1 2 3 1 0 3 -6.74261568878201e-03
1 2 3 1 1 0 2.39014423674292e-01
1 2 3 1 1 2 -7.62250123064417e-03
1 2 3 1 2 1 7.77130579431180e-03
1 2 3 1 2 3 1.19810308854324e-02
1 2 3 1 3 0 6.47646262884179e-03
1 2 3 1 3 2 -1.07106492527794e-02
1 2 3 2 0 0 6.04257400295665e-04
1 2 3 2 0 2 5.13079757115324e-02
1 2 3 2 1 1 -1.48804563667628e-04
1 2 3 2 1 3 -1.07106492527794e-02
1 2 3 2 2 0 -4.92826823587343e-02
1 2 3 2 3 1 9.38362070675362e-03
1 2 3 2 3 3 -9.49836692007950e-05
1 2 3 3 0 1 -6.74261568878199e-03
1 2 3 3 0 3 1.17499088174637e-02
1 2 3 3 1 0 6.11433820617109e-03
1 2 3 3 1 2 -2.13646515921860e-02
1 2 3 3 2 1 2.14212985055588e-02
1 2 3 3 2 3 6.62614888631324e-04
1 2 3 3 3 0 -1.12916679471510e-02
1 2 3 3 3 2 -5.67631219430529e-04
1 3 0 0 0 2 -2.02529335279821e-03
1 3 0 0 1 1 1.02731770197909e-01
1 3 0 0 1 3 1.43870456848762e-02
1 3 0 0 2 0 -4.92826823587342e-02
1 3 0 0 2 2 -1.95170992712788e-02
1 3 0 0 3 1 2.38273133050026e-02
1 3 0 0 3 3 -3.96099925571421e-03
1 3 0 1 0 1 -5.51027334324428e-02
1 3 0 1 0 3 -1.19136566525013e-02
1 3 0 1 1 0 -4.76290367654663e-02
1 3 0 1 1 2 9.68508069913469e-04
1 3 0 1 2 1 -1.24435130743741e-02
1 3 0 1 2 3 6.47646262884179e-03
1 3 0 1 3 0 8.18061330703174e-03
1 3 0 1 3 2 6.11433820617109e-03
1 3 0 2 0 0 5.13079757115324e-02
1 3 0 2 0 2 9.75854963563940e-03
1 3 0 2 1 1 1.14750050044606e-02
1 3 0 2 1 3 -6.74261568878201e-03
1 3 0 2 2 0 9.75854963563940e-03
1 3 0 2 3 1 -6.74261568878199e-03
1 3 0 2 3 3 -6.54037947636065e-03
1 3 0 3 0 1 -2.25676589919079e-02
1 3 0 3 0 3 1.74417585274224e-03
1 3 0 3 1 0 -1.19136566525013e-02
1 3 0 3 1 2 2.66153059940225e-04
1 3 0 3 2 1 6.28277482610905e-04
1 3 0 3 2 3 6.19231387038670e-03
1 3 0 3 3 0 2.21682340297197e-03
1 3 0 3 3 2 3.48065605973946e-04
1 3 1 0 0 1 2.89333765226522e-03
1 3 1 0 0 3 -5.35974181403736e-03
1 3 1 0 1 0 -5.78667530453045e-03
1 3 1 0 1 2 1.52124345861320e-02
1 3 1 0 2 1 -1.46119501152499e-02
1 3 1 0 2 3 -2.33838176996153e-04
1 3 1 0 3 0 1.07194836280747e-02
1 3 1 0 3 2 4.67676353992306e-04
1 3 1 1 0 0 2.89333765226522e-03
1 3 1 1 0 2 -6.00484470882080e-04
1 3 1 1 1 3 -6.93204816512997e-03
1 3 1 1 2 0 -1.46119501152499e-02
1 3 1 1 2 2 1.79157841401992e-04
1 3 1 1 3 1 1.38640963302599e-02
1 3 1 2 0 1 -6.00484470882080e-04
1 3 1 2 0 3 -2.33838176996153e-04
1 3 1 2 1 0 1.52124345861320e-02
1 3 1 2 1 2 -3.58315682803983e-04
1 3 1 2 2 1 1.79157841401992e-04
1 3 1 2 2 3 2.89138991495664e-03
1 3 1 2 3 0 4.67676353992306e-04
1 3 1 2 3 2 -5.78277982991327e-03
1 3 1 3 0 0 -5.35974181403736e-03
1 3 1 3 0 2 -2.33838176996153e-04
1 3 1 3 1 1 -6.93204816512997e-03
1 3 1 3 2 0 -2.33838176996153e-04
1 3 1 3 2 2 2.89138991495664e-03
1 3 2 0 0 2 6.04257400295666e-04
1 3 2 0 1 1 -2.48928461154081e-01
1 3 2 0 1 3 -6.74261568878201e-03
1 3 2 0 2 0 6.04257400295665e-04
1 3 2 0 2 2 5.13079757115324e-02
1 3 2 0 3 1 -6.74261568878199e-03
1 3 2 0 3 3 1.17499088174637e-02
1 3 2 1 0 1 9.91403747978895e-03
1 3 2 1 0 3 2.66153059940225e-04
1 3 2 1 1 0 2.39014423674292e-01
1 3 2 1 1 2 -7.62250123064417e-03
1 3 2 1 2 1 -1.48804563667628e-04
1 3 2 1 2 3 -1.07106492527794e-02
1 3 2 1 3 0 6.11433820617109e-03
1 3 2 1 3 2 -2.13646515921860e-02
1 3 2 2 0 0 -1.20851480059133e-03
1 3 2 2 0 2 -2.02529335279818e-03
1 3 2 2 1 1 7.77130579431180e-03
1 3 2 2 1 3 1.19810308854324e-02
1 3 2 2 2 0 -4.92826823587343e-02
1 3 2 2 3 1 2.14212985055588e-02
1 3 2 2 3 3 6.62614888631324e-04
1 3 2 3 0 1 6.28277482610905e-04
1 3 2 3 0 3 -4.58240870312707e-04
1 3 2 3 1 0 6.47646262884179e-03
1 3 2 3 1 2 -1.07106492527794e-02
1 3 2 3 2 1 9.38362070675362e-03
1 3 2 3 2 3 -9.49836692007950e-05
1 3 2 3 3 0 -1.12916679471510e-02
1 3 2 3 3 2 -5.67631219430529e-04
1 3 3 0 0 1 -2.26690761988708e-01
1 3 3 0 0 3 -5.78667530453044e-03
1 3 3 0 1 0 1.13345380994354e-01
1 3 3 0 1 2 -3.69754503790101e-03
1 3 3 0 2 1 7.39509007580203e-03
1 3 3 0 2 3 1.52124345861320e-02
1 3 3 0 3 0 2.89333765226522e-03
1 3 3 0 3 2 -6.00484470882084e-04
1 3 3 1 0 0 1.13345380994354e-01
1 3 3 1 0 2 -3.69754503790101e-03
1 3 3 1 2 0 -3.69754503790101e-03
1 3 3 1 2 2 -6.63547832351966e-03
1 3 3 1 3 3 -6.93204816512997e-03
1 3 3 2 0 1 7.39509007580203e-03
1 3 3 2 0 3 1.52124345861320e-02
1 3 3 2 1 0 -3.69754503790101e-03
1 3 3 2 1 2 -6.63547832351966e-03
1 3 3 2 2 1 1.32709566470393e-02
1 3 3 2 2 3 -3.58315682803983e-04
1 3 3 2 3 0 -1.46119501152499e-02
1 3 3 2 3 2 1.79157841401992e-04
1 3 3 3 0 0 2.89333765226522e-03
1 3 3 3 0 2 -6.00484470882084e-04
1 3 3 3 1 3 -6.93204816512997e-03
1 3 3 3 2 0 -1.46119501152499e-02
1 3 3 3 2 2 1.79157841401992e-04
1 3 3 3 3 1 1.38640963302599e-02
2 0 0 0 0 2 1.57711688236261e-01
2 0 0 0 1 1 -1.24709526225256e-02
2 0 0 0 1 3 -4.92826823587342e-02
2 0 0 0 2 0 -7.88558441181304e-02
2 0 0 0 3 1 -2.02529335279821e-03
2 0 0 0 3 3 -7.88681353915900e-04
2 0 0 1 0 1 -1.24709526225256e-02
2 0 0 1 0 3 -4.92826823587342e-02
2 0 0 1 1 0 2.49419052450513e-02
2 0 0 1 1 2 4.47598257504307e-02
2 0 0 1 2 1 -2.23799128752154e-02
2 0 0 1 2 3 6.04257400295665e-04
2 0 0 1 3 0 5.13079757115324e-02
2 0 0 1 3 2 -1.20851480059133e-03
2 0 0 2 0 0 -7.88558441181304e-02
2 0 0 2 1 1 -2.23799128752154e-02
2 0 0 2 1 3 6.04257400295665e-04
2 0 0 2 3 1 6.04257400295666e-04
2 0 0 2 3 3 9.75198037429233e-03
2 0 0 3 0 1 -2.02529335279821e-03
2 0 0 3 0 3 -7.88681353915900e-04
2 0 0 3 1 0 5.13079757115324e-02
2 0 0 3 1 2 -1.20851480059133e-03
2 0 0 3 2 1 6.04257400295666e-04
2 0 0 3 2 3 9.75198037429233e-03
2 0 0 3 3 0 1.57736270783180e-03
2 0 0 3 3 2 -1.95039607485847e-02
2 0 1 0 0 1 6.65570904176626e-02
2 0 1 0 0 3 -9.75440910499785e-03
2 0 1 0 1 0 6.07089052714317e-02
2 0 1 0 1 2 7.41598553598517e-03
2 0 1 0 2 1 -1.26782844235479e-02
2 0 1 0 2 3 -8.28689790543761e-03
2 0 1 0 3 0 1.07901797184042e-03
2 0 1 0 3 2 -7.81425035520787e-03
2 0 1 1 0 0 -1.27265995689094e-01
2 0 1 1 0 2 2.53565688470957e-02
2 0 1 1 1 3 -1.46119501152499e-02
2 0 1 1 2 0 1.59163012269693e-02
2 0 1 1 2 2 6.68554687612595e-03
2 0 1 1 3 1 -6.00484470882080e-04
2 0 1 1 3 3 7.39509007580203e-03
2 0 1 2 0 1 -2.33322867629545e-02
2 0 1 2 0 3 -8.13201238461056e-04
2 0 1 2 1 0 -1.26782844235479e-02
2 0 1 2 1 2 -3.52383564939832e-03
2 0 1 2 2 1 -3.16171122672763e-03
2 0 1 2 2 3 6.19027571164538e-03
2 0 1 2 3 0 -3.40553688231326e-04
2 0 1 2 3 2 3.46027447232622e-04
2 0 1 3 0 0 8.67539113315743e-03
2 0 1 3 0 2 8.62745159366893e-03
2 0 1 3 1 1 1.52124345861320e-02
2 0 1 3 1 3 -3.69754503790101e-03
2 0 1 3 2 0 8.62745159366894e-03
2 0 1 3 2 2 -6.53630315887800e-03
2 0 1 3 3 1 -3.69754503790101e-03
2 0 2 0 1 1 3.82287399307819e-01
2 0 2 0 1 3 9.75854963563940e-03
2 0 2 0 2 2 -7.88558441181304e-02
2 0 2 0 3 1 9.75854963563940e-03
2 0 2 0 3 3 -1.80771526909577e-02
2 0 2 1 0 1 -7.64574798615639e-01
2 0 2 1 0 3 -1.95170992712788e-02
2 0 2 1 1 0 3.82287399307819e-01
2 0 2 1 1 2 -1.24709526225257e-02
2 0 2 1 2 1 2.49419052450513e-02
2 0 2 1 2 3 5.13079757115324e-02
2 0 2 1 3 0 9.75854963563940e-03
2 0 2 1 3 2 -2.02529335279818e-03
2 0 2 2 0 2 1.57711688236261e-01
2 0 2 2 1 1 -1.24709526225257e-02
2 0 2 2 1 3 -4.92826823587343e-02
2 0 2 2 2 0 -7.88558441181304e-02
2 0 2 2 3 1 -2.02529335279818e-03
2 0 2 2 3 3 -7.88681353915901e-04
2 0 2 3 0 1 -1.95170992712788e-02
2 0 2 3 0 3 3.61543053819154e-02
2 0 2 3 1 0 9.75854963563940e-03
2 0 2 3 1 2 -4.92826823587343e-02
2 0 2 3 2 1 5.13079757115324e-02
2 0 2 3 2 3 1.57736270783180e-03
2 0 2 3 3 0 -1.80771526909577e-02
2 0 2 3 3 2 -7.88681353915901e-04
2 0 3 0 0 1 9.91607563853033e-03
2 0 3 0 0 3 6.98339167165929e-05
2 0 3 0 1 0 2.39016461833033e-01
2 0 3 0 1 2 -7.81425035520787e-03
2 0 3 0 2 1 -3.40553688231326e-04
2 0 3 0 2 3 -1.07139069856092e-02
2 0 3 0 3 0 5.91801906294747e-03
2 0 3 0 3 2 -2.13679093250158e-02
2 0 3 1 0 0 -2.48932537471564e-01
2 0 3 1 0 2 8.62745159366893e-03
2 0 3 1 1 3 -2.33838176996153e-04
2 0 3 1 2 0 8.62745159366894e-03
2 0 3 1 2 2 1.45495226887669e-02
2 0 3 1 3 1 -2.33838176996153e-04
2 0 3 1 3 3 1.52124345861320e-02
2 0 3 2 0 1 -8.13201238461056e-04
2 0 3 2 0 3 9.38036297392386e-03
2 0 3 2 1 0 -8.28689790543761e-03
2 0 3 2 1 2 -1.39807719165272e-02
2 0 3 2 2 1 -5.68750772239663e-04
2 0 3 2 2 3 1.13054443597115e-04
2 0 3 2 3 0 -1.07139069856092e-02
2 0 3 2 3 2 4.75178866267806e-04
2 0 3 3 0 0 -5.98785297966406e-03
2 0 3 3 0 2 2.14278139712183e-02
2 0 3 3 1 1 4.67676353992306e-04
2 0 3 3 1 3 -1.46119501152499e-02
2 0 3 3 2 0 1.19875463510919e-02
2 0 3 3 2 2 -5.88233309864921e-04
2 0 3 3 3 1 -6.00484470882084e-04
2 1 0 0 0 1 6.65570904176626e-02
2 1 0 0 0 3 -9.75440910499785e-03
2 1 0 0 1 0 -1.27265995689094e-01
2 1 0 0 1 2 2.53565688470957e-02
2 1 0 0 2 1 -2.33322867629545e-02
2 1 0 0 2 3 -8.13201238461056e-04
2 1 0 0 3 0 8.67539113315743e-03
2 1 0 0 3 2 8.62745159366893e-03
2 1 0 1 0 0 6.07089052714317e-02
2 1 0 1 0 2 7.41598553598517e-03
2 1 0 1 1 3 -1.46119501152499e-02
2 1 0 1 2 0 -1.26782844235479e-02
2 1 0 1 2 2 -3.52383564939832e-03
2 1 0 1 3 1 1.52124345861320e-02
2 1 0 1 3 3 -3.69754503790101e-03
2 1 0 2 0 1 -1.26782844235479e-02
2 1 0 2 0 3 -8.28689790543761e-03
2 1 0 2 1 0 1.59163012269693e-02
2 1 0 2 1 2 6.68554687612595e-03
2 1 0 2 2 1 -3.16171122672763e-03
2 1 0 2 2 3 6.19027571164538e-03
2 1 0 2 3 0 8.62745159366894e-03
2 1 0 2 3 2 -6.53630315887800e-03
2 1 0 3 0 0 1.07901797184042e-03
2 1 0 3 0 2 -7.81425035520787e-03
2 1 0 3 1 1 -6.00484470882080e-04
2 1 0 3 1 3 7.39509007580203e-03
2 1 0 3 2 0 -3.40553688231326e-04
2 1 0 3 2 2 3.46027447232622e-04
2 1 0 3 3 1 -3.69754503790101e-03
2 1 1 0 0 2 4.47598257504307e-02
2 1 1 0 1 1 5.69189165620932e-02
2 1 1 0 1 3 -1.24435130743741e-02
2 1 1 0 2 0 -2.23799128752154e-02
2 1 1 0 2 2 -1.24709526225257e-02
2 1 1 0 3 1 9.68508069913469e-04
2 1 1 0 3 3 -3.08271298677468e-03
2 1 1 1 0 1 5.69189165620932e-02
2 1 1 1 0 3 -1.24435130743741e-02
2 1 1 1 1 0 -1.13837833124186e-01
2 1 1 1 1 2 1.66477238803559e-02
2 1 1 1 2 1 -8.32386194017794e-03
2 1 1 1 2 3 -1.48804563667628e-04
2 1 1 1 3 0 1.14750050044606e-02
2 1 1 1 3 2 7.77130579431180e-03
2 1 1 2 0 0 -2.23799128752154e-02
2 1 1 2 0 2 -1.24709526225257e-02
2 1 1 2 1 1 -8.32386194017794e-03
2 1 1 2 1 3 -1.48804563667628e-04
2 1 1 2 2 0 2.49419052450513e-02
2 1 1 2 3 1 -7.62250123064417e-03
2 1 1 2 3 3 2.64296027351256e-03
2 1 1 3 0 1 9.68508069913469e-04
2 1 1 3 0 3 -3.08271298677468e-03
2 1 1 3 1 0 1.14750050044606e-02
2 1 1 3 1 2 7.77130579431180e-03
2 1 1 3 2 1 -7.62250123064417e-03
2 1 1 3 2 3 2.64296027351256e-03
2 1 1 3 3 0 6.16542597354936e-03
2 1 1 3 3 2 -5.28592054702512e-03
2 1 2 0 0 1 1.08421412636967e-01
2 1 2 0 0 3 2.90807544435550e-03
2 1 2 0 1 0 -2.16842825273934e-01
2 1 2 0 1 2 6.68554687612595e-03
2 1 2 0 2 1 -3.16171122672763e-03
2 1 2 0 2 3 -5.68750772239663e-04
2 1 2 0 3 0 -5.81615088871100e-03
2 1 2 0 3 2 1.45495226887669e-02
2 1 2 1 0 0 1.08421412636967e-01
2 1 2 1 0 2 -3.52383564939832e-03
2 1 2 1 1 3 1.79157841401992e-04
2 1 2 1 2 0 -3.16171122672763e-03
2 1 2 1 2 2 -6.35622676940949e-03
2 1 2 1 3 1 -3.58315682803983e-04
2 1 2 1 3 3 -6.63547832351966e-03
2 1 2 2 0 1 -3.52383564939832e-03
2 1 2 2 0 3 -1.39807719165272e-02
2 1 2 2 1 0 6.68554687612595e-03
2 1 2 2 1 2 1.27124535388190e-02
2 1 2 2 2 1 -6.35622676940949e-03
2 1 2 2 2 3 9.67654553629018e-05
2 1 2 2 3 0 1.45495226887669e-02
2 1 2 2 3 2 -1.93530910725804e-04
2 1 2 3 0 0 2.90807544435550e-03
2 1 2 3 0 2 -1.39807719165272e-02
2 1 2 3 1 1 1.79157841401992e-04
2 1 2 3 1 3 1.32709566470393e-02
2 1 2 3 2 0 -5.68750772239663e-04
2 1 2 3 2 2 9.67654553629018e-05
2 1 2 3 3 1 -6.63547832351966e-03
2 1 3 0 0 2 -1.20851480059133e-03
2 1 3 0 1 1 9.91403747978895e-03
2 1 3 0 1 3 6.28277482610905e-04
2 1 3 0 2 0 6.04257400295666e-04
2 1 3 0 2 2 -2.02529335279818e-03
2 1 3 0 3 1 2.66153059940225e-04
2 1 3 0 3 3 -4.58240870312707e-04
2 1 3 1 0 1 2.39014423674292e-01
2 1 3 1 0 3 6.47646262884179e-03
2 1 3 1 1 0 -2.48928461154081e-01
2 1 3 1 1 2 7.77130579431180e-03
2 1 3 1 2 1 -7.62250123064417e-03
2 1 3 1 2 3 -1.07106492527794e-02
2 1 3 1 3 0 -6.74261568878201e-03
2 1 3 1 3 2 1.19810308854324e-02
2 1 3 2 0 0 6.04257400295665e-04
2 1 3 2 0 2 -4.92826823587343e-02
2 1 3 2 1 1 -1.48804563667628e-04
2 1 3 2 1 3 9.38362070675362e-03
2 1 3 2 2 0 5.13079757115324e-02
2 1 3 2 3 1 -1.07106492527794e-02
2 1 3 2 3 3 -9.49836692007950e-05
2 1 3 3 0 1 6.11433820617109e-03
2 1 3 3 0 3 -1.12916679471510e-02
2 1 3 3 1 0 -6.74261568878199e-03
2 1 3 3 1 2 2.14212985055588e-02
2 1 3 3 2 1 -2.13646515921860e-02
2 1 3 3 2 3 -5.67631219430529e-04
2 1 3 3 3 0 1.17499088174637e-02
2 1 3 3 3 2 6.62614888631324e-04
2 2 0 0 1 1 -7.64574798615639e-01
2 2 0 0 1 3 -1.95170992712788e-02
2 2 0 0 2 2 1.57711688236261e-01
2 2 0 0 3 1 -1.95170992712788e-02
2 2 0 0 3 3 3.61543053819154e-02
2 2 0 1 0 1 3.82287399307819e-01
2 2 0 1 0 3 9.75854963563940e-03
2 2 0 1 1 0 3.82287399307819e-01
2 2 0 1 1 2 -1.24709526225257e-02
2 2 0 1 2 1 -1.24709526225257e-02
2 2 0 1 2 3 -4.92826823587343e-02
2 2 0 1 3 0 9.75854963563940e-03
2 2 0 1 3 2 -4.92826823587343e-02
2 2 0 2 0 2 -7.88558441181304e-02
2 2 0 2 1 1 2.49419052450513e-02
2 2 0 2 1 3 5.13079757115324e-02
2 2 0 2 2 0 -7.88558441181304e-02
2 2 0 2 3 1 5.13079757115324e-02
2 2 0 2 3 3 1.57736270783180e-03
2 2 0 3 0 1 9.75854963563940e-03
2 2 0 3 0 3 -1.80771526909577e-02
2 2 0 3 1 0 9.75854963563940e-03
2 2 0 3 1 2 -2.02529335279818e-03
2 2 0 3 2 1 -2.02529335279818e-03
2 2 0 3 2 3 -7.88681353915901e-04
2 2 0 3 3 0 -1.80771526909577e-02
2 2 0 3 3 2 -7.88681353915901e-04
2 2 1 0 0 1 1.08421412636967e-01
2 2 1 0 0 3 2.90807544435550e-03
2 2 1 0 1 0 1.08421412636967e-01
2 2 1 0 1 2 -3.52383564939832e-03
2 2 1 0 2 1 -3.52383564939832e-03
2 2 1 0 2 3 -1.39807719165272e-02
2 2 1 0 3 0 2.90807544435550e-03
2 2 1 0 3 2 -1.39807719165272e-02
2 2 1 1 0 0 -2.16842825273934e-01
2 2 1 1 0 2 6.68554687612595e-03
2 2 1 1 1 3 1.79157841401992e-04
2 2 1 1 2 0 6.68554687612595e-03
2 2 1 1 2 2 1.27124535388190e-02
2 2 1 1 3 1 1.79157841401992e-04
2 2 1 1 3 3 1.32709566470393e-02
2 2 1 2 0 1 -3.16171122672763e-03
2 2 1 2 0 3 -5.68750772239663e-04
2 2 1 2 1 0 -3.16171122672763e-03
2 2 1 2 1 2 -6.35622676940949e-03
2 2 1 2 2 1 -6.35622676940949e-03
2 2 1 2 2 3 9.67654553629018e-05
2 2 1 2 3 0 -5.68750772239663e-04
2 2 1 2 3 2 9.67654553629018e-05
2 2 1 3 0 0 -5.81615088871100e-03
2 2 1 3 0 2 1.45495226887669e-02
2 2 1 3 1 1 -3.58315682803983e-04
2 2 1 3 1 3 -6.63547832351966e-03
2 2 1 3 2 0 1.45495226887669e-02
2 2 1 3 2 2 -1.93530910725804e-04
2 2 1 3 3 1 -6.63547832351966e-03
2 2 3 0 0 1 -4.13622069800221e-03
2 2 3 0 0 3 2.16079561809727e-03
2 2 3 0 1 0 -4.13622069800221e-03
2 2 3 0 1 2 3.46027447232622e-04
2 2 3 0 2 1 3.46027447232622e-04
2 2 3 0 2 3 4.75178866267806e-04
2 2 3 0 3 0 2.16079561809727e-03
2 2 3 0 3 2 4.75178866267806e-04
2 2 3 1 0 0 8.27244139600442e-03
2 2 3 1 0 2 -6.53630315887800e-03
2 2 3 1 1 3 2.89138991495664e-03
2 2 3 1 2 0 -6.53630315887800e-03
2 2 3 1 2 2 -1.93530910725804e-04
2 2 3 1 3 1 2.89138991495664e-03
2 2 3 1 3 3 -3.58315682803983e-04
2 2 3 2 0 1 6.19027571164538e-03
2 2 3 2 0 3 1.13054443597115e-04
2 2 3 2 1 0 6.19027571164538e-03
2 2 3 2 1 2 9.67654553629018e-05
2 2 3 2 2 1 9.67654553629018e-05
2 2 3 2 2 3 -1.21064265171496e-03
2 2 3 2 3 0 1.13054443597115e-04
2 2 3 2 3 2 -1.21064265171496e-03
2 2 3 3 0 0 -4.32159123619454e-03
2 2 3 3 0 2 -5.88233309864921e-04
2 2 3 3 1 1 -5.78277982991327e-03
2 2 3 3 1 3 1.79157841401992e-04
2 2 3 3 2 0 -5.88233309864921e-04
2 2 3 3 2 2 2.42128530342992e-03
2 2 3 3 3 1 1.79157841401992e-04
2 3 0 0 0 1 9.91607563853033e-03
2 3 0 0 0 3 6.98339167165929e-05
2 3 0 0 1 0 -2.48932537471564e-01
2 3 0 0 1 2 8.62745159366893e-03
2 3 0 0 2 1 -8.13201238461056e-04
2 3 0 0 2 3 9.38036297392386e-03
2 3 0 0 3 0 -5.98785297966406e-03
2 3 0 0 3 2 2.14278139712183e-02
2 3 0 1 0 0 2.39016461833033e-01
2 3 0 1 0 2 -7.81425035520787e-03
2 3 0 1 1 3 -2.33838176996153e-04
2 3 0 1 2 0 -8.28689790543761e-03
2 3 0 1 2 2 -1.39807719165272e-02
2 3 0 1 3 1 4.67676353992306e-04
2 3 0 1 3 3 -1.46119501152499e-02
2 3 0 2 0 1 -3.40553688231326e-04
2 3 0 2 0 3 -1.07139069856092e-02
2 3 0 2 1 0 8.62745159366894e-03
2 3 0 2 1 2 1.45495226887669e-02
2 3 0 2 2 1 -5.68750772239663e-04
2 3 0 2 2 3 1.13054443597115e-04
2 3 0 2 3 0 1.19875463510919e-02
2 3 0 2 3 2 -5.88233309864921e-04
2 3 0 3 0 0 5.91801906294747e-03
2 3 0 3 0 2 -2.13679093250158e-02
2 3 0 3 1 1 -2.33838176996153e-04
2 3 0 3 1 3 1.52124345861320e-02
2 3 0 3 2 0 -1.07139069856092e-02
2 3 0 3 2 2 4.75178866267806e-04
2 3 0 3 3 1 -6.00484470882084e-04
2 3 1 0 0 2 -1.20851480059133e-03
2 3 1 0 1 1 2.39014423674292e-01
2 3 1 0 1 3 6.47646262884179e-03
2 3 1 0 2 0 6.04257400295665e-04
2 3 1 0 2 2 -4.92826823587343e-02
2 3 1 0 3 1 6.11433820617109e-03
2 3 1 0 3 3 -1.12916679471510e-02
2 3 1 1 0 1 9.91403747978895e-03
2 3 1 1 0 3 6.28277482610905e-04
2 3 1 1 1 0 -2.48928461154081e-01
2 3 1 1 1 2 7.77130579431180e-03
2 3 1 1 2 1 -1.48804563667628e-04
2 3 1 1 2 3 9.38362070675362e-03
2 3 1 1 3 0 -6.74261568878199e-03
2 3 1 1 3 2 2.14212985055588e-02
2 3 1 2 0 0 6.04257400295666e-04
2 3 1 2 0 2 -2.02529335279818e-03
2 3 1 2 1 1 -7.62250123064417e-03
2 3 1 2 1 3 -1.07106492527794e-02
2 3 1 2 2 0 5.13079757115324e-02
2 3 1 2 3 1 -2.13646515921860e-02
2 3 1 2 3 3 -5.67631219430529e-04
2 3 1 3 0 1 2.66153059940225e-04
2 3 1 3 0 3 -4.58240870312707e-04
2 3 1 3 1 0 -6.74261568878201e-03
2 3 1 3 1 2 1.19810308854324e-02
2 3 1 3 2 1 -1.07106492527794e-02
2 3 1 3 2 3 -9.49836692007950e-05
2 3 1 3 3 0 1.17499088174637e-02
2 3 1 3 3 2 6.62614888631324e-04
2 3 2 0 0 1 -4.13622069800221e-03
2 3 2 0 0 3 2.16079561809727e-03
2 3 2 0 1 0 8.27244139600442e-03
2 3 2 0 1 2 -6.53630315887800e-03
2 3 2 0 2 1 6.19027571164538e-03
2 3 2 0 2 3 1.13054443597115e-04
2 3 2 0 3 0 -4.32159123619454e-03
2 3 2 0 3 2 -5.88233309864921e-04
2 3 2 1 0 0 -4.13622069800221e-03
2 3 2 1 0 2 3.46027447232622e-04
2 3 2 1 1 3 2.89138991495664e-03
2 3 2 1 2 0 6.19027571164538e-03
2 3 2 1 2 2 9.67654553629018e-05
2 3 2 1 3 1 -5.78277982991327e-03
2 3 2 1 3 3 1.79157841401992e-04
2 3 2 2 0 1 3.46027447232622e-04
2 3 2 2 0 3 4.75178866267806e-04
2 3 2 2 1 0 -6.53630315887800e-03
2 3 2 2 1 2 -1.93530910725804e-04
2 3 2 2 2 1 9.67654553629018e-05
2 3 2 2 2 3 -1.21064265171496e-03
2 3 2 2 3 0 -5.88233309864921e-04
2 3 2 2 3 2 2.42128530342992e-03
2 3 2 3 0 0 2.16079561809727e-03
2 3 2 3 0 2 4.75178866267806e-04
2 3 2 3 1 1 2.89138991495664e-03
2 3 2 3 1 3 -3.58315682803983e-04
2 3 2 3 2 0 1.13054443597115e-04
2 3 2 3 2 2 -1.21064265171496e-03
2 3 2 3 3 1 1.79157841401992e-04
2 3 3 0 0 2 -1.95039607485847e-02
2 3 3 0 1 1 5.36573330266838e-03
2 3 3 0 1 3 6.19231387038670e-03
2 3 3 0 2 0 9.75198037429233e-03
2 3 3 0 2 2 -7.88681353915901e-04
2 3 3 0 3 1 3.48065605973946e-04
2 3 3 0 3 3 -8.32646996265074e-05
2 3 3 1 0 1 5.36573330266838e-03
2 3 3 1 0 3 6.19231387038670e-03
2 3 3 1 1 0 -1.07314666053368e-02
2 3 3 1 1 2 -5.28592054702512e-03
2 3 3 1 2 1 2.64296027351256e-03
2 3 3 1 2 3 -9.49836692007950e-05
2 3 3 1 3 0 -6.54037947636065e-03
2 3 3 1 3 2 6.62614888631324e-04
2 3 3 2 0 0 9.75198037429233e-03
2 3 3 2 0 2 -7.88681353915901e-04
2 3 3 2 1 1 2.64296027351256e-03
2 3 3 2 1 3 -9.49836692007950e-05
2 3 3 2 2 0 1.57736270783180e-03
2 3 3 2 3 1 -5.67631219430529e-04
2 3 3 2 3 3 -1.21390038454473e-03
2 3 3 3 0 1 3.48065605973946e-04
2 3 3 3 0 3 -8.32646996265074e-05
2 3 3 3 1 0 -6.54037947636065e-03
2 3 3 3 1 2 6.62614888631324e-04
2 3 3 3 2 1 -5.67631219430529e-04
2 3 3 3 2 3 -1.21390038454473e-03
2 3 3 3 3 0 1.66529399253015e-04
2 3 3 3 3 2 2.42780076908945e-03
3 0 0 0 0 1 9.01433193485260e-02
3 0 0 0 0 3 1.07033979566876e-02
3 0 0 0 1 0 -4.50716596742630e-02
3 0 0 0 1 2 -9.75440910499785e-03
3 0 0 0 2 1 8.67539113315743e-03
3 0 0 0 2 3 -5.98785297966406e-03
3 0 0 0 3 0 -5.35169897834381e-03
3 0 0 0 3 2 6.98339167165929e-05
3 0 0 1 0 0 -4.50716596742630e-02
3 0 0 1 0 2 -9.75440910499785e-03
3 0 0 1 1 3 1.07194836280747e-02
3 0 0 1 2 0 1.07901797184042e-03
3 0 0 1 2 2 2.90807544435550e-03
3 0 0 1 3 1 -5.35974181403736e-03
3 0 0 1 3 3 2.89333765226522e-03
3 0 0 2 0 1 8.67539113315743e-03
3 0 0 2 0 3 -5.98785297966406e-03
3 0 0 2 1 0 1.07901797184042e-03
3 0 0 2 1 2 2.90807544435550e-03
3 0 0 2 2 1 -5.81615088871100e-03
3 0 0 2 2 3 -4.32159123619454e-03
3 0 0 2 3 0 5.91801906294747e-03
3 0 0 2 3 2 2.16079561809727e-03
3 0 0 3 0 0 -5.35169897834381e-03
3 0 0 3 0 2 6.98339167165929e-05
3 0 0 3 1 1 -5.35974181403736e-03
3 0 0 3 1 3 2.89333765226522e-03
3 0 0 3 2 0 5.91801906294747e-03
3 0 0 3 2 2 2.16079561809727e-03
3 0 0 3 3 1 -5.78667530453044e-03
3 0 1 0 0 2 -4.92826823587342e-02
3 0 1 0 1 1 -4.76290367654663e-02
3 0 1 0 1 3 8.18061330703174e-03
3 0 1 0 2 0 5.13079757115324e-02
3 0 1 0 2 2 9.75854963563940e-03
3 0 1 0 3 1 -1.19136566525013e-02
3 0 1 0 3 3 2.21682340297197e-03
3 0 1 1 0 1 1.02731770197909e-01
3 0 1 1 0 3 2.38273133050026e-02
3 0 1 1 1 0 -5.51027334324428e-02
3 0 1 1 1 2 -1.24435130743741e-02
3 0 1 1 2 1 1.14750050044606e-02
3 0 1 1 2 3 -6.74261568878199e-03
3 0 1 1 3 0 -2.25676589919079e-02
3 0 1 1 3 2 6.28277482610905e-04
3 0 1 2 0 0 -2.02529335279821e-03
3 0 1 2 0 2 -1.95170992712788e-02
3 0 1 2 1 1 9.68508069913469e-04
3 0 1 2 1 3 6.11433820617109e-03
3 0 1 2 2 0 9.75854963563940e-03
3 0 1 2 3 1 2.66153059940225e-04
3 0 1 2 3 3 3.48065605973946e-04
3 0 1 3 0 1 1.43870456848762e-02
3 0 1 3 0 3 -3.96099925571421e-03
3 0 1 3 1 0 -1.19136566525013e-02
3 0 1 3 1 2 6.47646262884179e-03
3 0 1 3 2 1 -6.74261568878201e-03
3 0 1 3 2 3 -6.54037947636065e-03
3 0 1 3 3 0 1.74417585274224e-03
3 0 1 3 3 2 6.19231387038670e-03
3 0 2 0 0 1 -2.48932537471564e-01
3 0 2 0 0 3 -5.98785297966406e-03
3 0 2 0 1 0 2.39016461833033e-01
3 0 2 0 1 2 -8.28689790543761e-03
3 0 2 0 2 1 8.62745159366894e-03
3 0 2 0 2 3 1.19875463510919e-02
3 0 2 0 3 0 5.91801906294747e-03
3 0 2 0 3 2 -1.07139069856092e-02
3 0 2 1 0 0 9.91607563853033e-03
3 0 2 1 0 2 -8.13201238461056e-04
3 0 2 1 1 3 4.67676353992306e-04
3 0 2 1 2 0 -3.40553688231326e-04
3 0 2 1 2 2 -5.68750772239663e-04
3 0 2 1 3 1 -2.33838176996153e-04
3 0 2 1 3 3 -6.00484470882084e-04
3 0 2 2 0 1 8.62745159366893e-03
3 0 2 2 0 3 2.14278139712183e-02
3 0 2 2 1 0 -7.81425035520787e-03
3 0 2 2 1 2 -1.39807719165272e-02
3 0 2 2 2 1 1.45495226887669e-02
3 0 2 2 2 3 -5.88233309864921e-04
3 0 2 2 3 0 -2.13679093250158e-02
3 0 2 2 3 2 4.75178866267806e-04
3 0 2 3 0 0 6.98339167165929e-05
3 0 2 3 0 2 9.38036297392386e-03
3 0 2 3 1 1 -2.33838176996153e-04
3 0 2 3 1 3 -1.46119501152499e-02
3 0 2 3 2 0 -1.07139069856092e-02
3 0 2 3 2 2 1.13054443597115e-04
3 0 2 3 3 1 1.52124345861320e-02
3 0 3 0 0 2 -7.88681353915900e-04
3 0 3 0 1 1 8.75119930360493e-02
3 0 3 0 1 3 2.21682340297197e-03
3 0 3 0 2 0 1.57736270783180e-03
3 0 3 0 2 2 -1.80771526909577e-02
3 0 3 0 3 1 1.74417585274224e-03
3 0 3 0 3 3 -4.15194931145170e-03
3 0 3 1 0 1 -1.75023986072098e-01
3 0 3 1 0 3 -3.96099925571421e-03
3 0 3 1 1 0 8.75119930360493e-02
3 0 3 1 1 2 -3.08271298677468e-03
3 0 3 1 2 1 6.16542597354936e-03
3 0 3 1 2 3 1.17499088174637e-02
3 0 3 1 3 0 1.74417585274224e-03
3 0 3 1 3 2 -4.58240870312707e-04
3 0 3 2 0 0 -7.88681353915900e-04
3 0 3 2 0 2 3.61543053819154e-02
3 0 3 2 1 1 -3.08271298677468e-03
3 0 3 2 1 3 -1.12916679471510e-02
3 0 3 2 2 0 -1.80771526909577e-02
3 0 3 2 3 1 -4.58240870312707e-04
3 0 3 2 3 3 -8.32646996265074e-05
3 0 3 3 0 1 -3.96099925571421e-03
3 0 3 3 0 3 8.30389862290340e-03
3 0 3 3 1 0 2.21682340297197e-03
3 0 3 3 1 2 -1.12916679471510e-02
3 0 3 3 2 1 1.17499088174637e-02
3 0 3 3 2 3 1.66529399253015e-04
3 0 3 3 3 0 -4.15194931145170e-03
3 0 3 3 3 2 -8.32646996265074e-05
3 1 0 0 0 2 -4.92826823587342e-02
3 1 0 0 1 1 1.02731770197909e-01
3 1 0 0 1 3 2.38273133050026e-02
3 1 0 0 2 0 -2.02529335279821e-03
3 1 0 0 2 2 -1.95170992712788e-02
3 1 0 0 3 1 1.43870456848762e-02
3 1 0 0 3 3 -3.96099925571421e-03
3 1 0 1 0 1 -4.76290367654663e-02
3 1 0 1 0 3 8.18061330703174e-03
3 1 0 1 1 0 -5.51027334324428e-02
3 1 0 1 1 2 -1.24435130743741e-02
3 1 0 1 2 1 9.68508069913469e-04
3 1 0 1 2 3 6.11433820617109e-03
3 1 0 1 3 0 -1.19136566525013e-02
3 1 0 1 3 2 6.47646262884179e-03
3 1 0 2 0 0 5.13079757115324e-02
3 1 0 2 0 2 9.75854963563940e-03
3 1 0 2 1 1 1.14750050044606e-02
3 1 0 2 1 3 -6.74261568878199e-03
3 1 0 2 2 0 9.75854963563940e-03
3 1 0 2 3 1 -6.74261568878201e-03
3 1 0 2 3 3 -6.54037947636065e-03
3 1 0 3 0 1 -1.19136566525013e-02
3 1 0 3 0 3 2.21682340297197e-03
3 1 0 3 1 0 -2.25676589919079e-02
3 1 0 3 1 2 6.28277482610905e-04
3 1 0 3 2 1 2.66153059940225e-04
3 1 0 3 2 3 3.48065605973946e-04
3 1 0 3 3 0 1.74417585274224e-03
3 1 0 3 3 2 6.19231387038670e-03
3 1 1 0 0 1 -5.78667530453045e-03
3 1 1 0 0 3 1.07194836280747e-02
3 1 1 0 1 0 2.89333765226522e-03
3 1 1 0 1 2 -1.46119501152499e-02
3 1 1 0 2 1 1.52124345861320e-02
3 1 1 0 2 3 4.67676353992306e-04
3 1 1 0 3 0 -5.35974181403736e-03
3 1 1 0 3 2 -2.33838176996153e-04
3 1 1 1 0 0 2.89333765226522e-03
3 1 1 1 0 2 -1.46119501152499e-02
3 1 1 1 1 3 1.38640963302599e-02
3 1 1 1 2 0 -6.00484470882080e-04
3 1 1 1 2 2 1.79157841401992e-04
3 1 1 1 3 1 -6.93204816512997e-03
3 1 1 2 0 1 1.52124345861320e-02
3 1 1 2 0 3 4.67676353992306e-04
3 1 1 2 1 0 -6.00484470882080e-04
3 1 1 2 1 2 1.79157841401992e-04
3 1 1 2 2 1 -3.58315682803983e-04
3 1 1 2 2 3 -5.78277982991327e-03
3 1 1 2 3 0 -2.33838176996153e-04
3 1 1 2 3 2 2.89138991495664e-03
3 1 1 3 0 0 -5.35974181403736e-03
3 1 1 3 0 2 -2.33838176996153e-04
3 1 1 3 1 1 -6.93204816512997e-03
3 1 1 3 2 0 -2.33838176996153e-04
3 1 1 3 2 2 2.89138991495664e-03
3 1 2 0 0 2 6.04257400295665e-04
3 1 2 0 1 1 -2.48928461154081e-01
3 1 2 0 1 3 -6.74261568878199e-03
3 1 2 0 2 0 6.04257400295666e-04
3 1 2 0 2 2 5.13079757115324e-02
3 1 2 0 3 1 -6.74261568878201e-03
3 1 2 0 3 3 1.17499088174637e-02
3 1 2 1 0 1 2.39014423674292e-01
3 1 2 1 0 3 6.11433820617109e-03
3 1 2 1 1 0 9.91403747978895e-03
3 1 2 1 1 2 -1.48804563667628e-04
3 1 2 1 2 1 -7.62250123064417e-03
3 1 2 1 2 3 -2.13646515921860e-02
3 1 2 1 3 0 2.66153059940225e-04
3 1 2 1 3 2 -1.07106492527794e-02
3 1 2 2 0 0 -1.20851480059133e-03
3 1 2 2 0 2 -4.92826823587343e-02
3 1 2 2 1 1 7.77130579431180e-03
3 1 2 2 1 3 2.14212985055588e-02
3 1 2 2 2 0 -2.02529335279818e-03
3 1 2 2 3 1 1.19810308854324e-02
3 1 2 2 3 3 6.62614888631324e-04
3 1 2 3 0 1 6.47646262884179e-03
3 1 2 3 0 3 -1.12916679471510e-02
3 1 2 3 1 0 6.28277482610905e-04
3 1 2 3 1 2 9.38362070675362e-03
3 1 2 3 2 1 -1.07106492527794e-02
3 1 2 3 2 3 -5.67631219430529e-04
3 1 2 3 3 0 -4.58240870312707e-04
3 1 2 3 3 2 -9.49836692007950e-05
3 1 3 0 0 1 1.13345380994354e-01
3 1 3 0 0 3 2.89333765226522e-03
3 1 3 0 1 0 -2.26690761988708e-01
3 1 3 0 1 2 7.39509007580203e-03
3 1 3 0 2 1 -3.69754503790101e-03
3 1 3 0 2 3 -6.00484470882084e-04
3 1 3 0 3 0 -5.78667530453044e-03
3 1 3 0 3 2 1.52124345861320e-02
3 1 3 1 0 0 1.13345380994354e-01
3 1 3 1 0 2 -3.69754503790101e-03
3 1 3 1 2 0 -3.69754503790101e-03
3 1 3 1 2 2 -6.63547832351966e-03
3 1 3 1 3 3 -6.93204816512997e-03
3 1 3 2 0 1 -3.69754503790101e-03
3 1 3 2 0 3 -1.46119501152499e-02
3 1 3 2 1 0 7.39509007580203e-03
3 1 3 2 1 2 1.32709566470393e-02
3 1 3 2 2 1 -6.63547832351966e-03
3 1 3 2 2 3 1.79157841401992e-04
3 1 3 2 3 0 1.52124345861320e-02
3 1 3 2 3 2 -3.58315682803983e-04
3 1 3 3 0 0 2.89333765226522e-03
3 1 3 3 0 2 -1.46119501152499e-02
3 1 3 3 1 3 1.38640963302599e-02
3 1 3 3 2 0 -6.00484470882084e-04
3 1 3 3 2 2 1.79157841401992e-04
3 1 3 3 3 1 -6.93204816512997e-03
3 2 0 0 0 1 -2.48932537471564e-01
3 2 0 0 0 3 -5.98785297966406e-03
3 2 0 0 1 0 9.91607563853033e-03
3 2 0 0 1 2 -8.13201238461056e-04
3 2 0 0 2 1 8.62745159366893e-03
3 2 0 0 2 3 2.14278139712183e-02
3 2 0 0 3 0 6.98339167165929e-05
3 2 0 0 3 2 9.38036297392386e-03
3 2 0 1 0 0 2.39016461833033e-01
3 2 0 1 0 2 -8.28689790543761e-03
3 2 0 1 1 3 4.67676353992306e-04
3 2 0 1 2 0 -7.81425035520787e-03
3 2 0 1 2 2 -1.39807719165272e-02
3 2 0 1 3 1 -2.33838176996153e-04
3 2 0 1 3 3 -1.46119501152499e-02
3 2 0 2 0 1 8.62745159366894e-03
3 2 0 2 0 3 1.19875463510919e-02
3 2 0 2 1 0 -3.40553688231326e-04
3 2 0 2 1 2 -5.68750772239663e-04
3 2 0 2 2 1 1.45495226887669e-02
3 2 0 2 2 3 -5.88233309864921e-04
3 2 0 2 3 0 -1.07139069856092e-02
3 2 0 2 3 2 1.13054443597115e-04
3 2 0 3 0 0 5.91801906294747e-03
3 2 0 3 0 2 -1.07139069856092e-02
3 2 0 3 1 1 -2.33838176996153e-04
3 2 0 3 1 3 -6.00484470882084e-04
3 2 0 3 2 0 -2.13679093250158e-02
3 2 0 3 2 2 4.75178866267806e-04
3 2 0 3 3 1 1.52124345861320e-02
3 2 1 0 0 2 6.04257400295665e-04
3 2 1 0 1 1 2.39014423674292e-01
3 2 1 0 1 3 6.11433820617109e-03
3 2 1 0 2 0 -1.20851480059133e-03
3 2 1 0 2 2 -4.92826823587343e-02
3 2 1 0 3 1 6.47646262884179e-03
3 2 1 0 3 3 -1.12916679471510e-02
3 2 1 1 0 1 -2.48928461154081e-01
3 2 1 1 0 3 -6.74261568878199e-03
3 2 1 1 1 0 9.91403747978895e-03
3 2 1 1 1 2 -1.48804563667628e-04
3 2 1 1 2 1 7.77130579431180e-03
3 2 1 1 2 3 2.14212985055588e-02
3 2 1 1 3 0 6.28277482610905e-04
3 2 1 1 3 2 9.38362070675362e-03
3 2 1 2 0 0 6.04257400295666e-04
3 2 1 2 0 2 5.13079757115324e-02
3 2 1 2 1 1 -7.62250123064417e-03
3 2 1 2 1 3 -2.13646515921860e-02
3 2 1 2 2 0 -2.02529335279818e-03
3 2 1 2 3 1 -1.07106492527794e-02
3 2 1 2 3 3 -5.67631219430529e-04
3 2 1 3 0 1 -6.74261568878201e-03
3 2 1 3 0 3 1.17499088174637e-02
3 2 1 3 1 0 2.66153059940225e-04
3 2 1 3 1 2 -1.07106492527794e-02
3 2 1 3 2 1 1.19810308854324e-02
3 2 1 3 2 3 6.62614888631324e-04
3 2 1 3 3 0 -4.58240870312707e-04
3 2 1 3 3 2 -9.49836692007950e-05
3 2 2 0 0 1 8.27244139600442e-03
3 2 2 0 0 3 -4.32159123619454e-03
3 2 2 0 1 0 -4.13622069800221e-03
3 2 2 0 1 2 6.19027571164538e-03
3 2 2 0 2 1 -6.53630315887800e-03
3 2 2 0 2 3 -5.88233309864921e-04
3 2 2 0 3 0 2.16079561809727e-03
3 2 2 0 3 2 1.13054443597115e-04
3 2 2 1 0 0 -4.13622069800221e-03
3 2 2 1 0 2 6.19027571164538e-03
3 2 2 1 1 3 -5.78277982991327e-03
3 2 2 1 2 0 3.46027447232622e-04
3 2 2 1 2 2 9.67654553629018e-05
3 2 2 1 3 1 2.89138991495664e-03
3 2 2 1 3 3 1.79157841401992e-04
3 2 2 2 0 1 -6.53630315887800e-03
3 2 2 2 0 3 -5.88233309864921e-04
3 2 2 2 1 0 3.46027447232622e-04
3 2 2 2 1 2 9.67654553629018e-05
3 2 2 2 2 1 -1.93530910725804e-04
3 2 2 2 2 3 2.42128530342992e-03
3 2 2 2 3 0 4.75178866267806e-04
3 2 2 2 3 2 -1.21064265171496e-03
3 2 2 3 0 0 2.16079561809727e-03
3 2 2 3 0 2 1.13054443597115e-04
3 2 2 3 1 1 2.89138991495664e-03
3 2 2 3 1 3 1.79157841401992e-04
3 2 2 3 2 0 4.75178866267806e-04
3 2 2 3 2 2 -1.21064265171496e-03
3 2 2 3 3 1 -3.58315682803983e-04
3 2 3 0 0 2 9.75198037429233e-03
3 2 3 0 1 1 5.36573330266838e-03
3 2 3 0 1 3 3.48065605973946e-04
3 2 3 0 2 0 -1.95039607485847e-02
3 2 3 0 2 2 -7.88681353915901e-04
3 2 3 0 3 1 6.19231387038670e-03
3 2 3 0 3 3 -8.32646996265074e-05
3 2 3 1 0 1 -1.07314666053368e-02
3 2 3 1 0 3 -6.54037947636065e-03
3 2 3 1 1 0 5.36573330266838e-03
3 2 3 1 1 2 2.64296027351256e-03
3 2 3 1 2 1 -5.28592054702512e-03
3 2 3 1 2 3 6.62614888631324e-04
3 2 3 1 3 0 6.19231387038670e-03
3 2 3 1 3 2 -9.49836692007950e-05
3 2 3 2 0 0 9.75198037429233e-03
3 2 3 2 0 2 1.57736270783180e-03
3 2 3 2 1 1 2.64296027351256e-03
3 2 3 2 1 3 -5.67631219430529e-04
3 2 3 2 2 0 -7.88681353915901e-04
3 2 3 2 3 1 -9.49836692007950e-05
3 2 3 2 3 3 -1.21390038454473e-03
3 2 3 3 0 1 -6.54037947636065e-03
3 2 3 3 0 3 1.66529399253015e-04
3 2 3 3 1 0 3.48065605973946e-04
3 2 3 3 1 2 -5.67631219430529e-04
3 2 3 3 2 1 6.62614888631324e-04
3 2 3 3 2 3 2.42780076908945e-03
3 2 3 3 3 0 -8.32646996265074e-05
3 2 3 3 3 2 -1.21390038454473e-03
3 3 0 0 0 2 -7.88681353915900e-04
3 3 0 0 1 1 -1.75023986072098e-01
3 3 0 0 1 3 -3.96099925571421e-03
3 3 0 0 2 0 -7.88681353915900e-04
3 3 0 0 2 2 3.61543053819154e-02
3 3 0 0 3 1 -3.96099925571421e-03
3 3 0 0 3 3 8.30389862290340e-03
3 3 0 1 0 1 8.75119930360493e-02
3 3 0 1 0 3 2.21682340297197e-03
3 3 0 1 1 0 8.75119930360493e-02
3 3 0 1 1 2 -3.08271298677468e-03
3 3 0 1 2 1 -3.08271298677468e-03
3 3 0 1 2 3 -1.12916679471510e-02
3 3 0 1 3 0 2.21682340297197e-03
3 3 0 1 3 2 -1.12916679471510e-02
3 3 0 2 0 0 1.57736270783180e-03
3 3 0 2 0 2 -1.80771526909577e-02
3 3 0 2 1 1 6.16542597354936e-03
3 3 0 2 1 3 1.17499088174637e-02
3 3 0 2 2 0 -1.80771526909577e-02
3 3 0 2 3 1 1.17499088174637e-02
3 3 0 2 3 3 1.66529399253015e-04
3 3 0 3 0 1 1.74417585274224e-03
3 3 0 3 0 3 -4.15194931145170e-03
3 3 0 3 1 0 1.74417585274224e-03
3 3 0 3 1 2 -4.58240870312707e-04
3 3 0 3 2 1 -4.58240870312707e-04
3 3 0 3 2 3 -8.32646996265074e-05
3 3 0 3 3 0 -4.15194931145170e-03
3 3 0 3 3 2 -8.32646996265074e-05
3 3 1 0 0 1 1.13345380994354e-01
3 3 1 0 0 3 2.89333765226522e-03
3 3 1 0 1 0 1.13345380994354e-01
3 3 1 0 1 2 -3.69754503790101e-03
3 3 1 0 2 1 -3.69754503790101e-03
3 3 1 0 2 3 -1.46119501152499e-02
3 3 1 0 3 0 2.89333765226522e-03
3 3 1 0 3 2 -1.46119501152499e-02
3 3 1 1 0 0 -2.26690761988708e-01
3 3 1 1 0 2 7.39509007580203e-03
3 3 1 1 2 0 7.39509007580203e-03
3 3 1 1 2 2 1.32709566470393e-02
3 3 1 1 3 3 1.38640963302599e-02
3 3 1 2 0 1 -3.69754503790101e-03
3 3 1 2 0 3 -6.00484470882084e-04
3 3 1 2 1 0 -3.69754503790101e-03
3 3 1 2 1 2 -6.63547832351966e-03
3 3 1 2 2 1 -6.63547832351966e-03
3 3 1 2 2 3 1.79157841401992e-04
3 3 1 2 3 0 -6.00484470882084e-04
3 3 1 2 3 2 1.79157841401992e-04
3 3 1 3 0 0 -5.78667530453044e-03
3 3 1 3 0 2 1.52124345861320e-02
3 3 1 3 1 3 -6.93204816512997e-03
3 3 1 3 2 0 1.52124345861320e-02
3 3 1 3 2 2 -3.58315682803983e-04
3 3 1 3 3 1 -6.93204816512997e-03
3 3 2 0 0 2 9.75198037429233e-03
3 3 2 0 1 1 -1.07314666053368e-02
3 3 2 0 1 3 -6.54037947636065e-03
3 3 2 0 2 0 9.75198037429233e-03
3 3 2 0 2 2 1.57736270783180e-03
3 3 2 0 3 1 -6.54037947636065e-03
3 3 2 0 3 3 1.66529399253015e-04
3 3 2 1 0 1 5.36573330266838e-03
3 3 2 1 0 3 3.48065605973946e-04
3 3 2 1 1 0 5.36573330266838e-03
3 3 2 1 1 2 2.64296027351256e-03
3 3 2 1 2 1 2.64296027351256e-03
3 3 2 1 2 3 -5.67631219430529e-04
3 3 2 1 3 0 3.48065605973946e-04
3 3 2 1 3 2 -5.67631219430529e-04
3 3 2 2 0 0 -1.95039607485847e-02
3 3 2 2 0 2 -7.88681353915901e-04
3 3 2 2 1 1 -5.28592054702512e-03
3 3 2 2 1 3 6.62614888631324e-04
3 3 2 2 2 0 -7.88681353915901e-04
3 3 2 2 3 1 6.62614888631324e-04
3 3 2 2 3 3 2.42780076908945e-03
3 3 2 3 0 1 6.19231387038670e-03
3 3 2 3 0 3 -8.32646996265074e-05
3 3 2 3 1 0 6.19231387038670e-03
3 3 2 3 1 2 -9.49836692007950e-05
3 3 2 3 2 1 -9.49836692007950e-05
3 3 2 3 2 3 -1.21390038454473e-03
3 3 2 3 3 0 -8.32646996265074e-05
3 3 2 3 3 2 -1.21390038454473e-03
