4
0 0 0 0 9.69358349797716e-01
0 0 0 1 0.00000000000000e+00
0 0 0 2 -3.33134621671896e-02
0 0 0 3 0.00000000000000e+00
0 0 1 0 0.00000000000000e+00
0 0 1 1 1.38698273446264e-02
0 0 1 2 0.00000000000000e+00
0 0 1 3 1.14454012598478e-03
0 0 2 0 -3.33134621671896e-02
0 0 2 1 0.00000000000000e+00
0 0 2 2 -5.52911041275322e-02
0 0 2 3 0.00000000000000e+00
0 0 3 0 0.00000000000000e+00
0 0 3 1 1.14454012598478e-03
0 0 3 2 0.00000000000000e+00
0 0 3 3 -6.15486806843233e-02
0 1 0 0 0.00000000000000e+00
0 1 0 1 -9.23546585481486e-01
0 1 0 2 0.00000000000000e+00
0 1 0 3 -2.64429550147354e-02
0 1 1 0 1.86718744092251e+00
0 1 1 1 0.00000000000000e+00
0 1 1 2 -6.02902244064842e-02
0 1 1 3 0.00000000000000e+00
0 1 2 0 0.00000000000000e+00
0 1 2 1 3.15166273841321e-02
0 1 2 2 0.00000000000000e+00
0 1 2 3 5.13105154288137e-03
0 1 3 0 4.93853854710975e-02
0 1 3 1 0.00000000000000e+00
0 1 3 2 -1.27734420315221e-01
0 1 3 3 0.00000000000000e+00
0 2 0 0 -3.33134621671896e-02
0 2 0 1 0.00000000000000e+00
0 2 0 2 -3.24519601645499e-02
0 2 0 3 0.00000000000000e+00
0 2 1 0 0.00000000000000e+00
0 2 1 1 -6.11855722276474e-03
0 2 1 2 0.00000000000000e+00
0 2 1 3 -1.31288891184013e-03
0 2 2 0 9.05519398227089e-02
0 2 2 1 0.00000000000000e+00
0 2 2 2 1.52432839156526e-03
0 2 2 3 0.00000000000000e+00
0 2 3 0 0.00000000000000e+00
0 2 3 1 -3.19473162369921e-02
0 2 3 2 0.00000000000000e+00
0 2 3 3 1.45443184199256e-03
0 3 0 0 0.00000000000000e+00
0 3 0 1 -2.64429550147354e-02
0 3 0 2 0.00000000000000e+00
0 3 0 3 -1.33598041516798e-02
0 3 1 0 4.93853854710975e-02
0 3 1 1 0.00000000000000e+00
0 3 1 2 1.16124569109622e-02
0 3 1 3 0.00000000000000e+00
0 3 2 0 0.00000000000000e+00
0 3 2 1 -1.18675905107625e-02
0 3 2 2 0.00000000000000e+00
0 3 2 3 2.72506391492199e-04
0 3 3 0 1.60656059639530e-02
0 3 3 1 0.00000000000000e+00
0 3 3 2 -3.28804314476449e-03
0 3 3 3 0.00000000000000e+00
1 0 0 0 0.00000000000000e+00
1 0 0 1 1.86718744092251e+00
1 0 0 2 0.00000000000000e+00
1 0 0 3 4.93853854710975e-02
1 0 1 0 -9.23546585481486e-01
1 0 1 1 0.00000000000000e+00
1 0 1 2 3.15166273841321e-02
1 0 1 3 0.00000000000000e+00
1 0 2 0 0.00000000000000e+00
1 0 2 1 -6.02902244064842e-02
1 0 2 2 0.00000000000000e+00
1 0 2 3 -1.27734420315221e-01
1 0 3 0 -2.64429550147354e-02
1 0 3 1 0.00000000000000e+00
1 0 3 2 5.13105154288137e-03
1 0 3 3 0.00000000000000e+00
1 1 0 0 1.38698273446264e-02
1 1 0 1 0.00000000000000e+00
1 1 0 2 -6.11855722276474e-03
1 1 0 3 0.00000000000000e+00
1 1 1 0 0.00000000000000e+00
1 1 1 1 9.35264847187656e-01
1 1 1 2 0.00000000000000e+00
1 1 1 3 2.76257689980552e-02
1 1 2 0 -6.11855722276474e-03
1 1 2 1 0.00000000000000e+00
1 1 2 2 -1.92589394611388e-01
1 1 2 3 0.00000000000000e+00
1 1 3 0 0.00000000000000e+00
1 1 3 1 2.76257689980552e-02
1 1 3 2 0.00000000000000e+00
1 1 3 3 -4.50774766547809e-02
1 2 0 0 0.00000000000000e+00
1 2 0 1 -6.02902244064842e-02
1 2 0 2 0.00000000000000e+00
1 2 0 3 1.16124569109622e-02
1 2 1 0 3.15166273841321e-02
1 2 1 1 0.00000000000000e+00
1 2 1 2 -1.48442567661820e-02
1 2 1 3 0.00000000000000e+00
1 2 2 0 0.00000000000000e+00
1 2 2 1 1.90345111929573e-02
1 2 2 2 0.00000000000000e+00
1 2 2 3 4.21696034147156e-03
1 2 3 0 -1.18675905107625e-02
1 2 3 1 0.00000000000000e+00
1 2 3 2 -3.58217891549078e-04
1 2 3 3 0.00000000000000e+00
1 3 0 0 1.14454012598478e-03
1 3 0 1 0.00000000000000e+00
1 3 0 2 -1.31288891184013e-03
1 3 0 3 0.00000000000000e+00
1 3 1 0 0.00000000000000e+00
1 3 1 1 2.76257689980552e-02
1 3 1 2 0.00000000000000e+00
1 3 1 3 3.12599506001216e-03
1 3 2 0 -3.19473162369921e-02
1 3 2 1 0.00000000000000e+00
1 3 2 2 -4.78969589711870e-03
1 3 2 3 0.00000000000000e+00
1 3 3 0 0.00000000000000e+00
1 3 3 1 1.82442011177703e-02
1 3 3 2 0.00000000000000e+00
1 3 3 3 -8.24596091770722e-04
2 0 0 0 -3.33134621671896e-02
2 0 0 1 0.00000000000000e+00
2 0 0 2 9.05519398227089e-02
2 0 0 3 0.00000000000000e+00
2 0 1 0 0.00000000000000e+00
2 0 1 1 -6.11855722276474e-03
2 0 1 2 0.00000000000000e+00
2 0 1 3 -3.19473162369921e-02
2 0 2 0 -3.24519601645499e-02
2 0 2 1 0.00000000000000e+00
2 0 2 2 1.52432839156526e-03
2 0 2 3 0.00000000000000e+00
2 0 3 0 0.00000000000000e+00
2 0 3 1 -1.31288891184013e-03
2 0 3 2 0.00000000000000e+00
2 0 3 3 1.45443184199256e-03
2 1 0 0 0.00000000000000e+00
2 1 0 1 3.15166273841321e-02
2 1 0 2 0.00000000000000e+00
2 1 0 3 -1.18675905107625e-02
2 1 1 0 -6.02902244064842e-02
2 1 1 1 0.00000000000000e+00
2 1 1 2 1.90345111929573e-02
2 1 1 3 0.00000000000000e+00
2 1 2 0 0.00000000000000e+00
2 1 2 1 -1.48442567661820e-02
2 1 2 2 0.00000000000000e+00
2 1 2 3 -3.58217891549078e-04
2 1 3 0 1.16124569109622e-02
2 1 3 1 0.00000000000000e+00
2 1 3 2 4.21696034147156e-03
2 1 3 3 0.00000000000000e+00
2 2 0 0 -5.52911041275322e-02
2 2 0 1 0.00000000000000e+00
2 2 0 2 1.52432839156526e-03
2 2 0 3 0.00000000000000e+00
2 2 1 0 0.00000000000000e+00
2 2 1 1 -1.92589394611388e-01
2 2 1 2 0.00000000000000e+00
2 2 1 3 -4.78969589711870e-03
2 2 2 0 1.52432839156526e-03
2 2 2 1 0.00000000000000e+00
2 2 2 2 4.32113567696275e-02
2 2 2 3 0.00000000000000e+00
2 2 3 0 0.00000000000000e+00
2 2 3 1 -4.78969589711870e-03
2 2 3 2 0.00000000000000e+00
2 2 3 3 1.23563155072387e-02
2 3 0 0 0.00000000000000e+00
2 3 0 1 5.13105154288137e-03
2 3 0 2 0.00000000000000e+00
2 3 0 3 2.72506391492199e-04
2 3 1 0 -1.27734420315221e-01
2 3 1 1 0.00000000000000e+00
2 3 1 2 4.21696034147156e-03
2 3 1 3 0.00000000000000e+00
2 3 2 0 0.00000000000000e+00
2 3 2 1 -3.58217891549078e-04
2 3 2 2 0.00000000000000e+00
2 3 2 3 4.08486016110445e-03
2 3 3 0 -3.28804314476449e-03
2 3 3 1 0.00000000000000e+00
2 3 3 2 1.19245496373241e-02
2 3 3 3 0.00000000000000e+00
3 0 0 0 0.00000000000000e+00
3 0 0 1 4.93853854710975e-02
3 0 0 2 0.00000000000000e+00
3 0 0 3 1.60656059639530e-02
3 0 1 0 -2.64429550147354e-02
3 0 1 1 0.00000000000000e+00
3 0 1 2 -1.18675905107625e-02
3 0 1 3 0.00000000000000e+00
3 0 2 0 0.00000000000000e+00
3 0 2 1 1.16124569109622e-02
3 0 2 2 0.00000000000000e+00
3 0 2 3 -3.28804314476449e-03
3 0 3 0 -1.33598041516798e-02
3 0 3 1 0.00000000000000e+00
3 0 3 2 2.72506391492199e-04
3 0 3 3 0.00000000000000e+00
3 1 0 0 1.14454012598478e-03
3 1 0 1 0.00000000000000e+00
3 1 0 2 -3.19473162369921e-02
3 1 0 3 0.00000000000000e+00
3 1 1 0 0.00000000000000e+00
3 1 1 1 2.76257689980552e-02
3 1 1 2 0.00000000000000e+00
3 1 1 3 1.82442011177703e-02
3 1 2 0 -1.31288891184013e-03
3 1 2 1 0.00000000000000e+00
3 1 2 2 -4.78969589711870e-03
3 1 2 3 0.00000000000000e+00
3 1 3 0 0.00000000000000e+00
3 1 3 1 3.12599506001216e-03
3 1 3 2 0.00000000000000e+00
3 1 3 3 -8.24596091770722e-04
3 2 0 0 0.00000000000000e+00
3 2 0 1 -1.27734420315221e-01
3 2 0 2 0.00000000000000e+00
3 2 0 3 -3.28804314476449e-03
3 2 1 0 5.13105154288137e-03
3 2 1 1 0.00000000000000e+00
3 2 1 2 -3.58217891549078e-04
3 2 1 3 0.00000000000000e+00
3 2 2 0 0.00000000000000e+00
3 2 2 1 4.21696034147156e-03
3 2 2 2 0.00000000000000e+00
3 2 2 3 1.19245496373241e-02
3 2 3 0 2.72506391492199e-04
3 2 3 1 0.00000000000000e+00
3 2 3 2 4.08486016110445e-03
3 2 3 3 0.00000000000000e+00
3 3 0 0 -6.15486806843233e-02
3 3 0 1 0.00000000000000e+00
3 3 0 2 1.45443184199256e-03
3 3 0 3 0.00000000000000e+00
3 3 1 0 0.00000000000000e+00
3 3 1 1 -4.50774766547809e-02
3 3 1 2 0.00000000000000e+00
3 3 1 3 -8.24596091770722e-04
3 3 2 0 1.45443184199256e-03
3 3 2 1 0.00000000000000e+00
3 3 2 2 1.23563155072387e-02
3 3 2 3 0.00000000000000e+00
3 3 3 0 0.00000000000000e+00
3 3 3 1 -8.24596091770722e-04
3 3 3 2 0.00000000000000e+00
3 3 3 3 6.14894893056320e-03
