4
0 0 0 0 6.22607869456173e-01
0 0 0 1 0.00000000000000e+00
0 0 0 2 2.36325318904762e-02
0 0 0 3 0.00000000000000e+00
0 0 1 0 0.00000000000000e+00
0 0 1 1 -1.26218603869343e-01
0 0 1 2 0.00000000000000e+00
0 0 1 3 -1.72104393260582e-02
0 0 2 0 2.36325318904762e-02
0 0 2 1 0.00000000000000e+00
0 0 2 2 -9.68833744967753e-03
0 0 2 3 0.00000000000000e+00
0 0 3 0 0.00000000000000e+00
0 0 3 1 -1.72104393260582e-02
0 0 3 2 0.00000000000000e+00
0 0 3 3 -1.83056125586614e-02
0 1 0 0 0.00000000000000e+00
0 1 0 1 -2.61394572538279e-01
0 1 0 2 0.00000000000000e+00
0 1 0 3 -4.13170426911824e-03
0 1 1 0 5.05796316599822e-01
0 1 1 1 0.00000000000000e+00
0 1 1 2 -5.16403847908127e-02
0 1 1 3 0.00000000000000e+00
0 1 2 0 0.00000000000000e+00
0 1 2 1 1.42659701482513e-02
0 1 2 2 0.00000000000000e+00
0 1 2 3 -5.47621957578049e-03
0 1 3 0 5.06956268513276e-02
0 1 3 1 0.00000000000000e+00
0 1 3 2 -5.47962796674417e-03
0 1 3 3 0.00000000000000e+00
0 2 0 0 2.36325318904762e-02
0 2 0 1 0.00000000000000e+00
0 2 0 2 -2.86061458886697e-01
0 2 0 3 0.00000000000000e+00
0 2 1 0 0.00000000000000e+00
0 2 1 1 -2.59617404919002e-01
0 2 1 2 0.00000000000000e+00
0 2 1 3 -1.06278459095838e-01
0 2 2 0 1.07261478568742e+00
0 2 2 1 0.00000000000000e+00
0 2 2 2 -7.74880797595403e-02
0 2 2 3 0.00000000000000e+00
0 2 3 0 0.00000000000000e+00
0 2 3 1 -2.72215272151883e-02
0 2 3 2 0.00000000000000e+00
0 2 3 3 7.93743873722111e-03
0 3 0 0 0.00000000000000e+00
0 3 0 1 -4.13170426911824e-03
0 3 0 2 0.00000000000000e+00
0 3 0 3 -7.51518380311974e-02
0 3 1 0 5.06956268513276e-02
0 3 1 1 0.00000000000000e+00
0 3 1 2 -2.49276899175794e-01
0 3 1 3 0.00000000000000e+00
0 3 2 0 0.00000000000000e+00
0 3 2 1 1.06980653696087e-01
0 3 2 2 0.00000000000000e+00
0 3 2 3 3.95895777208128e-02
0 3 3 0 1.75655067458746e-01
0 3 3 1 0.00000000000000e+00
0 3 3 2 -5.60707109473155e-02
0 3 3 3 0.00000000000000e+00
1 0 0 0 0.00000000000000e+00
1 0 0 1 5.05796316599822e-01
1 0 0 2 0.00000000000000e+00
1 0 0 3 5.06956268513276e-02
1 0 1 0 -2.61394572538279e-01
1 0 1 1 0.00000000000000e+00
1 0 1 2 1.42659701482513e-02
1 0 1 3 0.00000000000000e+00
1 0 2 0 0.00000000000000e+00
1 0 2 1 -5.16403847908127e-02
1 0 2 2 0.00000000000000e+00
1 0 2 3 -5.47962796674417e-03
1 0 3 0 -4.13170426911824e-03
1 0 3 1 0.00000000000000e+00
1 0 3 2 -5.47621957578049e-03
1 0 3 3 0.00000000000000e+00
1 1 0 0 -1.26218603869343e-01
1 1 0 1 0.00000000000000e+00
1 1 0 2 -2.59617404919002e-01
1 1 0 3 0.00000000000000e+00
1 1 1 0 0.00000000000000e+00
1 1 1 1 3.66709774797099e-01
1 1 1 2 0.00000000000000e+00
1 1 1 3 3.52169415334329e-02
1 1 2 0 -2.59617404919002e-01
1 1 2 1 0.00000000000000e+00
1 1 2 2 1.21917427438260e-01
1 1 2 3 0.00000000000000e+00
1 1 3 0 0.00000000000000e+00
1 1 3 1 3.52169415334329e-02
1 1 3 2 0.00000000000000e+00
1 1 3 3 -1.19679887131799e-02
1 2 0 0 0.00000000000000e+00
1 2 0 1 -5.16403847908127e-02
1 2 0 2 0.00000000000000e+00
1 2 0 3 -2.49276899175794e-01
1 2 1 0 1.42659701482513e-02
1 2 1 1 0.00000000000000e+00
1 2 1 2 -1.81111814851253e-01
1 2 1 3 0.00000000000000e+00
1 2 2 0 0.00000000000000e+00
1 2 2 1 3.87575021098857e-01
1 2 2 2 0.00000000000000e+00
1 2 2 3 9.11517788176753e-02
1 2 3 0 1.06980653696087e-01
1 2 3 1 0.00000000000000e+00
1 2 3 2 -6.67919985653832e-02
1 2 3 3 0.00000000000000e+00
1 3 0 0 -1.72104393260582e-02
1 3 0 1 0.00000000000000e+00
1 3 0 2 -1.06278459095838e-01
1 3 0 3 0.00000000000000e+00
1 3 1 0 0.00000000000000e+00
1 3 1 1 3.52169415334329e-02
1 3 1 2 0.00000000000000e+00
1 3 1 3 7.57966125924328e-02
1 3 2 0 -2.72215272151883e-02
1 3 2 1 0.00000000000000e+00
1 3 2 2 -1.62919914333783e-01
1 3 2 3 0.00000000000000e+00
1 3 3 0 0.00000000000000e+00
1 3 3 1 8.34647281743419e-02
1 3 3 2 0.00000000000000e+00
1 3 3 3 3.57067613010686e-02
2 0 0 0 2.36325318904762e-02
2 0 0 1 0.00000000000000e+00
2 0 0 2 1.07261478568742e+00
2 0 0 3 0.00000000000000e+00
2 0 1 0 0.00000000000000e+00
2 0 1 1 -2.59617404919002e-01
2 0 1 2 0.00000000000000e+00
2 0 1 3 -2.72215272151883e-02
2 0 2 0 -2.86061458886697e-01
2 0 2 1 0.00000000000000e+00
2 0 2 2 -7.74880797595403e-02
2 0 2 3 0.00000000000000e+00
2 0 3 0 0.00000000000000e+00
2 0 3 1 -1.06278459095838e-01
2 0 3 2 0.00000000000000e+00
2 0 3 3 7.93743873722111e-03
2 1 0 0 0.00000000000000e+00
2 1 0 1 1.42659701482513e-02
2 1 0 2 0.00000000000000e+00
2 1 0 3 1.06980653696087e-01
2 1 1 0 -5.16403847908127e-02
2 1 1 1 0.00000000000000e+00
2 1 1 2 3.87575021098857e-01
2 1 1 3 0.00000000000000e+00
2 1 2 0 0.00000000000000e+00
2 1 2 1 -1.81111814851253e-01
2 1 2 2 0.00000000000000e+00
2 1 2 3 -6.67919985653832e-02
2 1 3 0 -2.49276899175794e-01
2 1 3 1 0.00000000000000e+00
2 1 3 2 9.11517788176753e-02
2 1 3 3 0.00000000000000e+00
2 2 0 0 -9.68833744967753e-03
2 2 0 1 0.00000000000000e+00
2 2 0 2 -7.74880797595403e-02
2 2 0 3 0.00000000000000e+00
2 2 1 0 0.00000000000000e+00
2 2 1 1 1.21917427438260e-01
2 2 1 2 0.00000000000000e+00
2 2 1 3 -1.62919914333783e-01
2 2 2 0 -7.74880797595403e-02
2 2 2 1 0.00000000000000e+00
2 2 2 2 4.88494552985467e-01
2 2 2 3 0.00000000000000e+00
2 2 3 0 0.00000000000000e+00
2 2 3 1 -1.62919914333783e-01
2 2 3 2 0.00000000000000e+00
2 2 3 3 -9.64626042771206e-02
2 3 0 0 0.00000000000000e+00
2 3 0 1 -5.47621957578049e-03
2 3 0 2 0.00000000000000e+00
2 3 0 3 3.95895777208128e-02
2 3 1 0 -5.47962796674417e-03
2 3 1 1 0.00000000000000e+00
2 3 1 2 9.11517788176753e-02
2 3 1 3 0.00000000000000e+00
2 3 2 0 0.00000000000000e+00
2 3 2 1 -6.67919985653832e-02
2 3 2 2 0.00000000000000e+00
2 3 2 3 -2.13212792475167e-02
2 3 3 0 -5.60707109473155e-02
2 3 3 1 0.00000000000000e+00
2 3 3 2 2.56497300182985e-02
2 3 3 3 0.00000000000000e+00
3 0 0 0 0.00000000000000e+00
3 0 0 1 5.06956268513276e-02
3 0 0 2 0.00000000000000e+00
3 0 0 3 1.75655067458746e-01
3 0 1 0 -4.13170426911824e-03
3 0 1 1 0.00000000000000e+00
3 0 1 2 1.06980653696087e-01
3 0 1 3 0.00000000000000e+00
3 0 2 0 0.00000000000000e+00
3 0 2 1 -2.49276899175794e-01
3 0 2 2 0.00000000000000e+00
3 0 2 3 -5.60707109473155e-02
3 0 3 0 -7.51518380311974e-02
3 0 3 1 0.00000000000000e+00
3 0 3 2 3.95895777208128e-02
3 0 3 3 0.00000000000000e+00
3 1 0 0 -1.72104393260582e-02
3 1 0 1 0.00000000000000e+00
3 1 0 2 -2.72215272151883e-02
3 1 0 3 0.00000000000000e+00
3 1 1 0 0.00000000000000e+00
3 1 1 1 3.52169415334329e-02
3 1 1 2 0.00000000000000e+00
3 1 1 3 8.34647281743419e-02
3 1 2 0 -1.06278459095838e-01
3 1 2 1 0.00000000000000e+00
3 1 2 2 -1.62919914333783e-01
3 1 2 3 0.00000000000000e+00
3 1 3 0 0.00000000000000e+00
3 1 3 1 7.57966125924328e-02
3 1 3 2 0.00000000000000e+00
3 1 3 3 3.57067613010686e-02
3 2 0 0 0.00000000000000e+00
3 2 0 1 -5.47962796674417e-03
3 2 0 2 0.00000000000000e+00
3 2 0 3 -5.60707109473155e-02
3 2 1 0 -5.47621957578049e-03
3 2 1 1 0.00000000000000e+00
3 2 1 2 -6.67919985653832e-02
3 2 1 3 0.00000000000000e+00
3 2 2 0 0.00000000000000e+00
3 2 2 1 9.11517788176753e-02
3 2 2 2 0.00000000000000e+00
3 2 2 3 2.56497300182985e-02
3 2 3 0 3.95895777208128e-02
3 2 3 1 0.00000000000000e+00
3 2 3 2 -2.13212792475167e-02
3 2 3 3 0.00000000000000e+00
3 3 0 0 -1.83056125586614e-02
3 3 0 1 0.00000000000000e+00
3 3 0 2 7.93743873722111e-03
3 3 0 3 0.00000000000000e+00
3 3 1 0 0.00000000000000e+00
3 3 1 1 -1.19679887131799e-02
3 3 1 2 0.00000000000000e+00
3 3 1 3 3.57067613010686e-02
3 3 2 0 7.93743873722111e-03
3 3 2 1 0.00000000000000e+00
3 3 2 2 -9.64626042771206e-02
3 3 2 3 0.00000000000000e+00
3 3 3 0 0.00000000000000e+00
3 3 3 1 3.57067613010686e-02
3 3 3 2 0.00000000000000e+00
3 3 3 3 2.06765046862814e-02
