4
0 0 0 0 9.55791055032723e-01
0 0 0 1 -2.59070305124310e-07
0 0 0 2 2.76274359481732e-06
0 0 0 3 1.79173921557513e-06
0 0 1 0 -2.59070305124310e-07
0 0 1 1 5.07491219114447e-03
0 0 1 2 1.88505084638162e-07
0 0 1 3 3.29763173096442e-07
0 0 2 0 2.76274359481732e-06
0 0 2 1 1.88505084638162e-07
0 0 2 2 -1.31764270265641e-01
0 0 2 3 -2.41482736301274e-02
0 0 3 0 1.79173921557513e-06
0 0 3 1 3.29763173096442e-07
0 0 3 2 -2.41482736301274e-02
0 0 3 3 -2.41189976511107e-02
0 1 0 0 -2.59070305124310e-07
0 1 0 1 -9.35319202346996e-01
0 1 0 2 1.50648626869600e-06
0 1 0 3 -1.14551523802834e-05
0 1 1 0 1.88603325446952e+00
0 1 1 1 2.55671758605993e-08
0 1 1 2 6.36185349053269e-06
0 1 1 3 3.68407891437234e-06
0 1 2 0 -2.94459482735739e-06
0 1 2 1 -2.58090540191414e-06
0 1 2 2 2.41481307865233e-02
0 1 2 3 3.39485268187362e-02
0 1 3 0 2.33755569555530e-05
0 1 3 1 -1.46304744188106e-06
0 1 3 2 -1.41588082232265e-01
0 1 3 3 -2.41517094486280e-02
0 2 0 0 2.76274359481732e-06
0 2 0 1 1.50648626869600e-06
0 2 0 2 7.20723721668605e-03
0 2 0 3 7.82687637038884e-03
0 2 1 0 -2.94459482735739e-06
0 2 1 1 7.37443886943319e-08
0 2 1 2 -7.82661801039085e-03
0 2 1 3 -2.74203077376288e-03
0 2 2 0 1.41058806864024e-02
0 2 2 1 7.36238790483681e-03
0 2 2 2 -6.17915373095724e-07
0 2 2 3 -1.64384088486984e-07
0 2 3 0 -7.36296718872316e-03
0 2 3 1 -2.79622300774779e-03
0 2 3 2 7.60143744548254e-08
0 2 3 3 -8.15640645093334e-08
0 3 0 0 1.79173921557513e-06
0 3 0 1 -1.14551523802834e-05
0 3 0 2 7.82687637038884e-03
0 3 0 3 -2.76790899024134e-02
0 3 1 0 2.33755569555530e-05
0 3 1 1 1.02656436032139e-07
0 3 1 2 3.76279113587061e-02
0 3 1 3 7.82685151352011e-03
0 3 2 0 -7.36296718872316e-03
0 3 2 1 -3.00200051784777e-02
0 3 2 2 1.45820967592347e-07
0 3 2 3 4.36077180201216e-07
0 3 3 0 4.69253498254443e-02
0 3 3 1 -7.36285484389672e-03
0 3 3 2 -2.09566480764138e-06
0 3 3 3 -4.04706148149398e-07
1 0 0 0 -2.59070305124310e-07
1 0 0 1 1.88603325446952e+00
1 0 0 2 -2.94459482735739e-06
1 0 0 3 2.33755569555530e-05
1 0 1 0 -9.35319202346996e-01
1 0 1 1 2.55671758605993e-08
1 0 1 2 -2.58090540191414e-06
1 0 1 3 -1.46304744188106e-06
1 0 2 0 1.50648626869600e-06
1 0 2 1 6.36185349053269e-06
1 0 2 2 2.41481307865233e-02
1 0 2 3 -1.41588082232265e-01
1 0 3 0 -1.14551523802834e-05
1 0 3 1 3.68407891437234e-06
1 0 3 2 3.39485268187362e-02
1 0 3 3 -2.41517094486280e-02
1 1 0 0 5.07491219114447e-03
1 1 0 1 2.55671758605993e-08
1 1 0 2 7.37443886943319e-08
1 1 0 3 1.02656436032139e-07
1 1 1 0 2.55671758605993e-08
1 1 1 1 9.55789821809729e-01
1 1 1 2 -1.78150595845852e-06
1 1 1 3 1.33422680614081e-05
1 1 2 0 7.37443886943319e-08
1 1 2 1 -1.78150595845852e-06
1 1 2 2 -2.41196667825718e-02
1 1 2 3 2.41519311064701e-02
1 1 3 0 1.02656436032139e-07
1 1 3 1 1.33422680614081e-05
1 1 3 2 2.41519311064701e-02
1 1 3 3 -1.31767182304682e-01
1 2 0 0 1.88505084638162e-07
1 2 0 1 6.36185349053269e-06
1 2 0 2 -7.82661801039085e-03
1 2 0 3 3.76279113587061e-02
1 2 1 0 -2.58090540191414e-06
1 2 1 1 -1.78150595845852e-06
1 2 1 2 -2.76778954481203e-02
1 2 1 3 -7.82658614696598e-03
1 2 2 0 7.36238790483681e-03
1 2 2 1 4.69229609137981e-02
1 2 2 2 1.44598606039222e-07
1 2 2 3 -7.32961291733776e-07
1 2 3 0 -3.00200051784777e-02
1 2 3 1 7.36238668981468e-03
1 2 3 2 1.45588710355999e-07
1 2 3 3 5.99749615019543e-08
1 3 0 0 3.29763173096442e-07
1 3 0 1 3.68407891437234e-06
1 3 0 2 -2.74203077376288e-03
1 3 0 3 7.82685151352011e-03
1 3 1 0 -1.46304744188106e-06
1 3 1 1 1.33422680614081e-05
1 3 1 2 -7.82658614696598e-03
1 3 1 3 7.20727598538693e-03
1 3 2 0 -2.79622300774779e-03
1 3 2 1 7.36238668981468e-03
1 3 2 2 -3.21950896349182e-07
1 3 2 3 1.30421083723155e-07
1 3 3 0 -7.36285484389672e-03
1 3 3 1 1.41058037040179e-02
1 3 3 2 4.16420663199240e-07
1 3 3 3 -2.03270439148066e-06
2 0 0 0 2.76274359481732e-06
2 0 0 1 -2.94459482735739e-06
2 0 0 2 1.41058806864024e-02
2 0 0 3 -7.36296718872316e-03
2 0 1 0 1.50648626869600e-06
2 0 1 1 7.37443886943319e-08
2 0 1 2 7.36238790483681e-03
2 0 1 3 -2.79622300774779e-03
2 0 2 0 7.20723721668605e-03
2 0 2 1 -7.82661801039085e-03
2 0 2 2 -6.17915373095724e-07
2 0 2 3 7.60143744548254e-08
2 0 3 0 7.82687637038884e-03
2 0 3 1 -2.74203077376288e-03
2 0 3 2 -1.64384088486984e-07
2 0 3 3 -8.15640645093334e-08
2 1 0 0 1.88505084638162e-07
2 1 0 1 -2.58090540191414e-06
2 1 0 2 7.36238790483681e-03
2 1 0 3 -3.00200051784777e-02
2 1 1 0 6.36185349053269e-06
2 1 1 1 -1.78150595845852e-06
2 1 1 2 4.69229609137981e-02
2 1 1 3 7.36238668981468e-03
2 1 2 0 -7.82661801039085e-03
2 1 2 1 -2.76778954481203e-02
2 1 2 2 1.44598606039222e-07
2 1 2 3 1.45588710355999e-07
2 1 3 0 3.76279113587061e-02
2 1 3 1 -7.82658614696598e-03
2 1 3 2 -7.32961291733776e-07
2 1 3 3 5.99749615019543e-08
2 2 0 0 -1.31764270265641e-01
2 2 0 1 2.41481307865233e-02
2 2 0 2 -6.17915373095724e-07
2 2 0 3 1.45820967592347e-07
2 2 1 0 2.41481307865233e-02
2 2 1 1 -2.41196667825718e-02
2 2 1 2 1.44598606039222e-07
2 2 1 3 -3.21950896349182e-07
2 2 2 0 -6.17915373095724e-07
2 2 2 1 1.44598606039222e-07
2 2 2 2 2.05540497251363e-02
2 2 2 3 3.55736065969087e-08
2 2 3 0 1.45820967592347e-07
2 2 3 1 -3.21950896349182e-07
2 2 3 2 3.55736065969087e-08
2 2 3 3 5.07492940899842e-03
2 3 0 0 -2.41482736301274e-02
2 3 0 1 3.39485268187362e-02
2 3 0 2 -1.64384088486984e-07
2 3 0 3 4.36077180201216e-07
2 3 1 0 -1.41588082232265e-01
2 3 1 1 2.41519311064701e-02
2 3 1 2 -7.32961291733776e-07
2 3 1 3 1.30421083723155e-07
2 3 2 0 7.60143744548254e-08
2 3 2 1 1.45588710355999e-07
2 3 2 2 3.55736065969087e-08
2 3 2 3 -8.33914937020119e-05
2 3 3 0 -2.09566480764138e-06
2 3 3 1 4.16420663199240e-07
2 3 3 2 1.55616844116597e-02
2 3 3 3 -3.25797029464368e-07
3 0 0 0 1.79173921557513e-06
3 0 0 1 2.33755569555530e-05
3 0 0 2 -7.36296718872316e-03
3 0 0 3 4.69253498254443e-02
3 0 1 0 -1.14551523802834e-05
3 0 1 1 1.02656436032139e-07
3 0 1 2 -3.00200051784777e-02
3 0 1 3 -7.36285484389672e-03
3 0 2 0 7.82687637038884e-03
3 0 2 1 3.76279113587061e-02
3 0 2 2 1.45820967592347e-07
3 0 2 3 -2.09566480764138e-06
3 0 3 0 -2.76790899024134e-02
3 0 3 1 7.82685151352011e-03
3 0 3 2 4.36077180201216e-07
3 0 3 3 -4.04706148149398e-07
3 1 0 0 3.29763173096442e-07
3 1 0 1 -1.46304744188106e-06
3 1 0 2 -2.79622300774779e-03
3 1 0 3 -7.36285484389672e-03
3 1 1 0 3.68407891437234e-06
3 1 1 1 1.33422680614081e-05
3 1 1 2 7.36238668981468e-03
3 1 1 3 1.41058037040179e-02
3 1 2 0 -2.74203077376288e-03
3 1 2 1 -7.82658614696598e-03
3 1 2 2 -3.21950896349182e-07
3 1 2 3 4.16420663199240e-07
3 1 3 0 7.82685151352011e-03
3 1 3 1 7.20727598538693e-03
3 1 3 2 1.30421083723155e-07
3 1 3 3 -2.03270439148066e-06
3 2 0 0 -2.41482736301274e-02
3 2 0 1 -1.41588082232265e-01
3 2 0 2 7.60143744548254e-08
3 2 0 3 -2.09566480764138e-06
3 2 1 0 3.39485268187362e-02
3 2 1 1 2.41519311064701e-02
3 2 1 2 1.45588710355999e-07
3 2 1 3 4.16420663199240e-07
3 2 2 0 -1.64384088486984e-07
3 2 2 1 -7.32961291733776e-07
3 2 2 2 3.55736065969087e-08
3 2 2 3 1.55616844116597e-02
3 2 3 0 4.36077180201216e-07
3 2 3 1 1.30421083723155e-07
3 2 3 2 -8.33914937020119e-05
3 2 3 3 -3.25797029464368e-07
3 3 0 0 -2.41189976511107e-02
3 3 0 1 -2.41517094486280e-02
3 3 0 2 -8.15640645093334e-08
3 3 0 3 -4.04706148149398e-07
3 3 1 0 -2.41517094486280e-02
3 3 1 1 -1.31767182304682e-01
3 3 1 2 5.99749615019543e-08
3 3 1 3 -2.03270439148066e-06
3 3 2 0 -8.15640645093334e-08
3 3 2 1 5.99749615019543e-08
3 3 2 2 5.07492940899842e-03
3 3 2 3 -3.25797029464368e-07
3 3 3 0 -4.04706148149398e-07
3 3 3 1 -2.03270439148066e-06
3 3 3 2 -3.25797029464368e-07
3 3 3 3 2.05552054107285e-02
