4
0 0 1 0 0 1 -1.85450915649896e+00
0 0 1 0 0 3 -4.50716596742661e-02
0 0 1 0 1 0 -1.85450915649896e+00
0 0 1 0 1 2 6.07089052714344e-02
0 0 1 0 2 1 6.07089052714344e-02
0 0 1 0 2 3 2.39016461833037e-01
0 0 1 0 3 0 -4.50716596742661e-02
0 0 1 0 3 2 2.39016461833037e-01
0 0 1 1 0 0 3.70901831299791e+00
0 0 1 1 0 2 -1.27265995689100e-01
0 0 1 1 1 3 2.89333765226548e-03
0 0 1 1 2 0 -1.27265995689100e-01
0 0 1 1 2 2 -2.16842825273937e-01
0 0 1 1 3 1 2.89333765226548e-03
0 0 1 1 3 3 -2.26690761988713e-01
0 0 1 2 0 1 6.65570904176658e-02
0 0 1 2 0 3 9.91607563852989e-03
0 0 1 2 1 0 6.65570904176658e-02
0 0 1 2 1 2 1.08421412636969e-01
0 0 1 2 2 1 1.08421412636969e-01
0 0 1 2 2 3 -4.13622069800213e-03
0 0 1 2 3 0 9.91607563852989e-03
0 0 1 2 3 2 -4.13622069800213e-03
0 0 1 3 0 0 9.01433193485322e-02
0 0 1 3 0 2 -2.48932537471567e-01
0 0 1 3 1 1 -5.78667530453096e-03
0 0 1 3 1 3 1.13345380994356e-01
0 0 1 3 2 0 -2.48932537471567e-01
0 0 1 3 2 2 8.27244139600425e-03
0 0 1 3 3 1 1.13345380994356e-01
0 0 2 0 0 2 -7.88558441181299e-02
0 0 2 0 1 1 2.49419052450523e-02
0 0 2 0 1 3 5.13079757115329e-02
0 0 2 0 2 0 -7.88558441181299e-02
0 0 2 0 3 1 5.13079757115329e-02
0 0 2 0 3 3 1.57736270783197e-03
0 0 2 1 0 1 -1.24709526225262e-02
0 0 2 1 0 3 -2.02529335279810e-03
0 0 2 1 1 0 -1.24709526225262e-02
0 0 2 1 1 2 -2.23799128752156e-02
0 0 2 1 2 1 -2.23799128752156e-02
0 0 2 1 2 3 6.04257400295630e-04
0 0 2 1 3 0 -2.02529335279810e-03
0 0 2 1 3 2 6.04257400295630e-04
0 0 2 2 0 0 1.57711688236260e-01
0 0 2 2 1 1 4.47598257504313e-02
0 0 2 2 1 3 -1.20851480059126e-03
0 0 2 2 3 1 -1.20851480059126e-03
0 0 2 2 3 3 -1.95039607485846e-02
0 0 2 3 0 1 -4.92826823587348e-02
0 0 2 3 0 3 -7.88681353915987e-04
0 0 2 3 1 0 -4.92826823587348e-02
0 0 2 3 1 2 6.04257400295630e-04
0 0 2 3 2 1 6.04257400295630e-04
0 0 2 3 2 3 9.75198037429228e-03
0 0 2 3 3 0 -7.88681353915987e-04
0 0 2 3 3 2 9.75198037429228e-03
0 0 3 0 0 1 -4.50716596742661e-02
0 0 3 0 0 3 -5.35169897834412e-03
0 0 3 0 1 0 -4.50716596742661e-02
0 0 3 0 1 2 1.07901797184061e-03
0 0 3 0 2 1 1.07901797184061e-03
0 0 3 0 2 3 5.91801906294797e-03
0 0 3 0 3 0 -5.35169897834412e-03
0 0 3 0 3 2 5.91801906294797e-03
0 0 3 1 0 0 9.01433193485322e-02
0 0 3 1 0 2 8.67539113315743e-03
0 0 3 1 1 3 -5.35974181403755e-03
0 0 3 1 2 0 8.67539113315743e-03
0 0 3 1 2 2 -5.81615088871146e-03
0 0 3 1 3 1 -5.35974181403755e-03
0 0 3 1 3 3 -5.78667530453096e-03
0 0 3 2 0 1 -9.75440910499804e-03
0 0 3 2 0 3 6.98339167165755e-05
0 0 3 2 1 0 -9.75440910499804e-03
0 0 3 2 1 2 2.90807544435573e-03
0 0 3 2 2 1 2.90807544435573e-03
0 0 3 2 2 3 2.16079561809730e-03
0 0 3 2 3 0 6.98339167165755e-05
0 0 3 2 3 2 2.16079561809730e-03
0 0 3 3 0 0 1.07033979566882e-02
0 0 3 3 0 2 -5.98785297966454e-03
0 0 3 3 1 1 1.07194836280751e-02
0 0 3 3 1 3 2.89333765226548e-03
0 0 3 3 2 0 -5.98785297966454e-03
0 0 3 3 2 2 -4.32159123619461e-03
0 0 3 3 3 1 2.89333765226548e-03
0 1 0 0 0 1 -1.85450915649896e+00
0 1 0 0 0 3 -4.50716596742661e-02
0 1 0 0 1 0 3.70901831299791e+00
0 1 0 0 1 2 -1.27265995689100e-01
0 1 0 0 2 1 6.65570904176658e-02
0 1 0 0 2 3 9.91607563852989e-03
0 1 0 0 3 0 9.01433193485322e-02
0 1 0 0 3 2 -2.48932537471567e-01
0 1 0 1 0 0 -1.85450915649896e+00
0 1 0 1 0 2 6.07089052714344e-02
0 1 0 1 1 3 2.89333765226548e-03
0 1 0 1 2 0 6.65570904176658e-02
0 1 0 1 2 2 1.08421412636969e-01
0 1 0 1 3 1 -5.78667530453096e-03
0 1 0 1 3 3 1.13345380994356e-01
0 1 0 2 0 1 6.07089052714344e-02
0 1 0 2 0 3 2.39016461833037e-01
0 1 0 2 1 0 -1.27265995689100e-01
0 1 0 2 1 2 -2.16842825273937e-01
0 1 0 2 2 1 1.08421412636969e-01
0 1 0 2 2 3 -4.13622069800213e-03
0 1 0 2 3 0 -2.48932537471567e-01
0 1 0 2 3 2 8.27244139600425e-03
0 1 0 3 0 0 -4.50716596742661e-02
0 1 0 3 0 2 2.39016461833037e-01
0 1 0 3 1 1 2.89333765226548e-03
0 1 0 3 1 3 -2.26690761988713e-01
0 1 0 3 2 0 9.91607563852989e-03
0 1 0 3 2 2 -4.13622069800213e-03
0 1 0 3 3 1 1.13345380994356e-01
0 1 1 0 0 2 2.49419052450523e-02
0 1 1 0 1 1 -1.85527378427000e+00
0 1 1 0 1 3 -5.51027334324466e-02
0 1 1 0 2 0 -1.24709526225262e-02
0 1 1 0 2 2 3.82287399307818e-01
0 1 1 0 3 1 -4.76290367654696e-02
0 1 1 0 3 3 8.75119930360506e-02
0 1 1 1 0 1 -1.85527378427000e+00
0 1 1 1 0 3 -5.51027334324466e-02
0 1 1 1 1 0 3.71054756854000e+00
0 1 1 1 1 2 -1.13837833124191e-01
0 1 1 1 2 1 5.69189165620957e-02
0 1 1 1 2 3 9.91403747978844e-03
0 1 1 1 3 0 1.02731770197916e-01
0 1 1 1 3 2 -2.48928461154084e-01
0 1 1 2 0 0 -1.24709526225262e-02
0 1 1 2 0 2 3.82287399307818e-01
0 1 1 2 1 1 5.69189165620957e-02
0 1 1 2 1 3 9.91403747978844e-03
0 1 1 2 2 0 -7.64574798615635e-01
0 1 1 2 3 1 2.39014423674296e-01
0 1 1 2 3 3 5.36573330266888e-03
0 1 1 3 0 1 -4.76290367654696e-02
0 1 1 3 0 3 8.75119930360506e-02
0 1 1 3 1 0 1.02731770197916e-01
0 1 1 3 1 2 -2.48928461154084e-01
0 1 1 3 2 1 2.39014423674296e-01
0 1 1 3 2 3 5.36573330266888e-03
0 1 1 3 3 0 -1.75023986072101e-01
0 1 1 3 3 2 -1.07314666053378e-02
0 1 2 0 0 1 6.07089052714344e-02
0 1 2 0 0 3 1.07901797184061e-03
0 1 2 0 1 0 -1.27265995689100e-01
0 1 2 0 1 2 1.59163012269699e-02
0 1 2 0 2 1 -1.26782844235484e-02
0 1 2 0 2 3 -3.40553688231326e-04
0 1 2 0 3 0 8.67539113315743e-03
0 1 2 0 3 2 8.62745159366947e-03
0 1 2 1 0 0 6.65570904176658e-02
0 1 2 1 0 2 -1.26782844235484e-02
0 1 2 1 1 3 -6.00484470882065e-04
0 1 2 1 2 0 -2.33322867629553e-02
0 1 2 1 2 2 -3.16171122672786e-03
0 1 2 1 3 1 1.52124345861325e-02
0 1 2 1 3 3 -3.69754503790125e-03
0 1 2 2 0 1 7.41598553598535e-03
0 1 2 2 0 3 -7.81425035520834e-03
0 1 2 2 1 0 2.53565688470967e-02
0 1 2 2 1 2 6.68554687612639e-03
0 1 2 2 2 1 -3.52383564939853e-03
0 1 2 2 2 3 3.46027447232610e-04
0 1 2 2 3 0 8.62745159366946e-03
0 1 2 2 3 2 -6.53630315887807e-03
0 1 2 3 0 0 -9.75440910499804e-03
0 1 2 3 0 2 -8.28689790543814e-03
0 1 2 3 1 1 -1.46119501152504e-02
0 1 2 3 1 3 7.39509007580250e-03
0 1 2 3 2 0 -8.13201238461120e-04
0 1 2 3 2 2 6.19027571164546e-03
0 1 2 3 3 1 -3.69754503790125e-03
0 1 3 0 0 2 5.13079757115329e-02
0 1 3 0 1 1 -5.51027334324466e-02
0 1 3 0 1 3 -2.25676589919087e-02
0 1 3 0 2 0 -2.02529335279810e-03
0 1 3 0 2 2 9.75854963564004e-03
0 1 3 0 3 1 -1.19136566525018e-02
0 1 3 0 3 3 1.74417585274237e-03
0 1 3 1 0 1 -4.76290367654696e-02
0 1 3 1 0 3 -1.19136566525018e-02
0 1 3 1 1 0 1.02731770197916e-01
0 1 3 1 1 2 1.14750050044607e-02
0 1 3 1 2 1 9.68508069913661e-04
0 1 3 1 2 3 2.66153059940227e-04
0 1 3 1 3 0 1.43870456848768e-02
0 1 3 1 3 2 -6.74261568878251e-03
0 1 3 2 0 0 -4.92826823587348e-02
0 1 3 2 0 2 9.75854963564005e-03
0 1 3 2 1 1 -1.24435130743744e-02
0 1 3 2 1 3 6.28277482610898e-04
0 1 3 2 2 0 -1.95170992712801e-02
0 1 3 2 3 1 6.47646262884229e-03
0 1 3 2 3 3 6.19231387038680e-03
0 1 3 3 0 1 8.18061330703192e-03
0 1 3 3 0 3 2.21682340297216e-03
0 1 3 3 1 0 2.38273133050035e-02
0 1 3 3 1 2 -6.74261568878250e-03
0 1 3 3 2 1 6.11433820617161e-03
0 1 3 3 2 3 3.48065605973952e-04
0 1 3 3 3 0 -3.96099925571453e-03
0 1 3 3 3 2 -6.54037947636075e-03
0 2 0 0 0 2 -7.88558441181299e-02
0 2 0 0 1 1 -1.24709526225262e-02
0 2 0 0 1 3 -2.02529335279810e-03
0 2 0 0 2 0 1.57711688236260e-01
0 2 0 0 3 1 -4.92826823587348e-02
0 2 0 0 3 3 -7.88681353915987e-04
0 2 0 1 0 1 2.49419052450523e-02
0 2 0 1 0 3 5.13079757115329e-02
0 2 0 1 1 0 -1.24709526225262e-02
0 2 0 1 1 2 -2.23799128752156e-02
0 2 0 1 2 1 4.47598257504313e-02
0 2 0 1 2 3 -1.20851480059126e-03
0 2 0 1 3 0 -4.92826823587348e-02
0 2 0 1 3 2 6.04257400295630e-04
0 2 0 2 0 0 -7.88558441181299e-02
0 2 0 2 1 1 -2.23799128752156e-02
0 2 0 2 1 3 6.04257400295630e-04
0 2 0 2 3 1 6.04257400295630e-04
0 2 0 2 3 3 9.75198037429228e-03
0 2 0 3 0 1 5.13079757115329e-02
0 2 0 3 0 3 1.57736270783197e-03
0 2 0 3 1 0 -2.02529335279810e-03
0 2 0 3 1 2 6.04257400295630e-04
0 2 0 3 2 1 -1.20851480059126e-03
0 2 0 3 2 3 -1.95039607485846e-02
0 2 0 3 3 0 -7.88681353915987e-04
0 2 0 3 3 2 9.75198037429228e-03
0 2 1 0 0 1 6.07089052714344e-02
0 2 1 0 0 3 1.07901797184061e-03
0 2 1 0 1 0 6.65570904176658e-02
0 2 1 0 1 2 -1.26782844235484e-02
0 2 1 0 2 1 7.41598553598535e-03
0 2 1 0 2 3 -7.81425035520834e-03
0 2 1 0 3 0 -9.75440910499804e-03
0 2 1 0 3 2 -8.28689790543814e-03
0 2 1 1 0 0 -1.27265995689100e-01
0 2 1 1 0 2 1.59163012269699e-02
0 2 1 1 1 3 -6.00484470882065e-04
0 2 1 1 2 0 2.53565688470967e-02
0 2 1 1 2 2 6.68554687612639e-03
0 2 1 1 3 1 -1.46119501152504e-02
0 2 1 1 3 3 7.39509007580250e-03
0 2 1 2 0 1 -1.26782844235484e-02
0 2 1 2 0 3 -3.40553688231326e-04
0 2 1 2 1 0 -2.33322867629553e-02
0 2 1 2 1 2 -3.16171122672786e-03
0 2 1 2 2 1 -3.52383564939853e-03
0 2 1 2 2 3 3.46027447232610e-04
0 2 1 2 3 0 -8.13201238461120e-04
0 2 1 2 3 2 6.19027571164546e-03
0 2 1 3 0 0 8.67539113315743e-03
0 2 1 3 0 2 8.62745159366947e-03
0 2 1 3 1 1 1.52124345861325e-02
0 2 1 3 1 3 -3.69754503790125e-03
0 2 1 3 2 0 8.62745159366946e-03
0 2 1 3 2 2 -6.53630315887807e-03
0 2 1 3 3 1 -3.69754503790125e-03
0 2 2 0 1 1 3.82287399307818e-01
0 2 2 0 1 3 9.75854963564004e-03
0 2 2 0 2 2 -7.88558441181299e-02
0 2 2 0 3 1 9.75854963564005e-03
0 2 2 0 3 3 -1.80771526909579e-02
0 2 2 1 0 1 3.82287399307818e-01
0 2 2 1 0 3 9.75854963564004e-03
0 2 2 1 1 0 -7.64574798615635e-01
0 2 2 1 1 2 2.49419052450523e-02
0 2 2 1 2 1 -1.24709526225262e-02
0 2 2 1 2 3 -2.02529335279809e-03
0 2 2 1 3 0 -1.95170992712801e-02
0 2 2 1 3 2 5.13079757115329e-02
0 2 2 2 0 2 -7.88558441181299e-02
0 2 2 2 1 1 -1.24709526225262e-02
0 2 2 2 1 3 -2.02529335279809e-03
0 2 2 2 2 0 1.57711688236260e-01
0 2 2 2 3 1 -4.92826823587349e-02
0 2 2 2 3 3 -7.88681353915987e-04
0 2 2 3 0 1 9.75854963564005e-03
0 2 2 3 0 3 -1.80771526909579e-02
0 2 2 3 1 0 -1.95170992712801e-02
0 2 2 3 1 2 5.13079757115329e-02
0 2 2 3 2 1 -4.92826823587349e-02
0 2 2 3 2 3 -7.88681353915987e-04
0 2 2 3 3 0 3.61543053819159e-02
0 2 2 3 3 2 1.57736270783197e-03
0 2 3 0 0 1 2.39016461833037e-01
0 2 3 0 0 3 5.91801906294797e-03
0 2 3 0 1 0 9.91607563852989e-03
0 2 3 0 1 2 -3.40553688231326e-04
0 2 3 0 2 1 -7.81425035520834e-03
0 2 3 0 2 3 -2.13679093250164e-02
0 2 3 0 3 0 6.98339167165755e-05
0 2 3 0 3 2 -1.07139069856095e-02
0 2 3 1 0 0 -2.48932537471567e-01
0 2 3 1 0 2 8.62745159366947e-03
0 2 3 1 1 3 -2.33838176996184e-04
0 2 3 1 2 0 8.62745159366946e-03
0 2 3 1 2 2 1.45495226887673e-02
0 2 3 1 3 1 -2.33838176996184e-04
0 2 3 1 3 3 1.52124345861325e-02
0 2 3 2 0 1 -8.28689790543814e-03
0 2 3 2 0 3 -1.07139069856095e-02
0 2 3 2 1 0 -8.13201238461120e-04
0 2 3 2 1 2 -5.68750772239645e-04
0 2 3 2 2 1 -1.39807719165276e-02
0 2 3 2 2 3 4.75178866267801e-04
0 2 3 2 3 0 9.38036297392420e-03
0 2 3 2 3 2 1.13054443597124e-04
0 2 3 3 0 0 -5.98785297966454e-03
0 2 3 3 0 2 1.19875463510922e-02
0 2 3 3 1 1 4.67676353992368e-04
0 2 3 3 1 3 -6.00484470882063e-04
0 2 3 3 2 0 2.14278139712190e-02
0 2 3 3 2 2 -5.88233309864926e-04
0 2 3 3 3 1 -1.46119501152504e-02
0 3 0 0 0 1 -4.50716596742661e-02
0 3 0 0 0 3 -5.35169897834412e-03
0 3 0 0 1 0 9.01433193485322e-02
0 3 0 0 1 2 8.67539113315743e-03
0 3 0 0 2 1 -9.75440910499804e-03
0 3 0 0 2 3 6.98339167165755e-05
0 3 0 0 3 0 1.07033979566882e-02
0 3 0 0 3 2 -5.98785297966454e-03
0 3 0 1 0 0 -4.50716596742661e-02
0 3 0 1 0 2 1.07901797184061e-03
0 3 0 1 1 3 -5.35974181403755e-03
0 3 0 1 2 0 -9.75440910499804e-03
0 3 0 1 2 2 2.90807544435573e-03
0 3 0 1 3 1 1.07194836280751e-02
0 3 0 1 3 3 2.89333765226548e-03
0 3 0 2 0 1 1.07901797184061e-03
0 3 0 2 0 3 5.91801906294797e-03
0 3 0 2 1 0 8.67539113315743e-03
0 3 0 2 1 2 -5.81615088871146e-03
0 3 0 2 2 1 2.90807544435573e-03
0 3 0 2 2 3 2.16079561809730e-03
0 3 0 2 3 0 -5.98785297966454e-03
0 3 0 2 3 2 -4.32159123619461e-03
0 3 0 3 0 0 -5.35169897834412e-03
0 3 0 3 0 2 5.91801906294797e-03
0 3 0 3 1 1 -5.35974181403755e-03
0 3 0 3 1 3 -5.78667530453096e-03
0 3 0 3 2 0 6.98339167165755e-05
0 3 0 3 2 2 2.16079561809730e-03
0 3 0 3 3 1 2.89333765226548e-03
0 3 1 0 0 2 5.13079757115329e-02
0 3 1 0 1 1 -4.76290367654696e-02
0 3 1 0 1 3 -1.19136566525018e-02
0 3 1 0 2 0 -4.92826823587348e-02
0 3 1 0 2 2 9.75854963564005e-03
0 3 1 0 3 1 8.18061330703192e-03
0 3 1 0 3 3 2.21682340297216e-03
0 3 1 1 0 1 -5.51027334324466e-02
0 3 1 1 0 3 -2.25676589919087e-02
0 3 1 1 1 0 1.02731770197916e-01
0 3 1 1 1 2 1.14750050044607e-02
0 3 1 1 2 1 -1.24435130743744e-02
0 3 1 1 2 3 6.28277482610898e-04
0 3 1 1 3 0 2.38273133050035e-02
0 3 1 1 3 2 -6.74261568878250e-03
0 3 1 2 0 0 -2.02529335279810e-03
0 3 1 2 0 2 9.75854963564004e-03
0 3 1 2 1 1 9.68508069913661e-04
0 3 1 2 1 3 2.66153059940227e-04
0 3 1 2 2 0 -1.95170992712801e-02
0 3 1 2 3 1 6.11433820617161e-03
0 3 1 2 3 3 3.48065605973952e-04
0 3 1 3 0 1 -1.19136566525018e-02
0 3 1 3 0 3 1.74417585274237e-03
0 3 1 3 1 0 1.43870456848768e-02
0 3 1 3 1 2 -6.74261568878251e-03
0 3 1 3 2 1 6.47646262884229e-03
0 3 1 3 2 3 6.19231387038680e-03
0 3 1 3 3 0 -3.96099925571453e-03
0 3 1 3 3 2 -6.54037947636075e-03
0 3 2 0 0 1 2.39016461833037e-01
0 3 2 0 0 3 5.91801906294797e-03
0 3 2 0 1 0 -2.48932537471567e-01
0 3 2 0 1 2 8.62745159366947e-03
0 3 2 0 2 1 -8.28689790543814e-03
0 3 2 0 2 3 -1.07139069856095e-02
0 3 2 0 3 0 -5.98785297966454e-03
0 3 2 0 3 2 1.19875463510922e-02
0 3 2 1 0 0 9.91607563852989e-03
0 3 2 1 0 2 -3.40553688231326e-04
0 3 2 1 1 3 -2.33838176996184e-04
0 3 2 1 2 0 -8.13201238461120e-04
0 3 2 1 2 2 -5.68750772239645e-04
0 3 2 1 3 1 4.67676353992368e-04
0 3 2 1 3 3 -6.00484470882063e-04
0 3 2 2 0 1 -7.81425035520834e-03
0 3 2 2 0 3 -2.13679093250164e-02
0 3 2 2 1 0 8.62745159366946e-03
0 3 2 2 1 2 1.45495226887673e-02
0 3 2 2 2 1 -1.39807719165276e-02
0 3 2 2 2 3 4.75178866267801e-04
0 3 2 2 3 0 2.14278139712190e-02
0 3 2 2 3 2 -5.88233309864926e-04
0 3 2 3 0 0 6.98339167165755e-05
0 3 2 3 0 2 -1.07139069856095e-02
0 3 2 3 1 1 -2.33838176996184e-04
0 3 2 3 1 3 1.52124345861325e-02
0 3 2 3 2 0 9.38036297392420e-03
0 3 2 3 2 2 1.13054443597124e-04
0 3 2 3 3 1 -1.46119501152504e-02
0 3 3 0 0 2 1.57736270783197e-03
0 3 3 0 1 1 8.75119930360506e-02
0 3 3 0 1 3 1.74417585274237e-03
0 3 3 0 2 0 -7.88681353915987e-04
0 3 3 0 2 2 -1.80771526909579e-02
0 3 3 0 3 1 2.21682340297216e-03
0 3 3 0 3 3 -4.15194931145184e-03
0 3 3 1 0 1 8.75119930360506e-02
0 3 3 1 0 3 1.74417585274237e-03
0 3 3 1 1 0 -1.75023986072101e-01
0 3 3 1 1 2 6.16542597354977e-03
0 3 3 1 2 1 -3.08271298677488e-03
0 3 3 1 2 3 -4.58240870312690e-04
0 3 3 1 3 0 -3.96099925571453e-03
0 3 3 1 3 2 1.17499088174640e-02
0 3 3 2 0 0 -7.88681353915987e-04
0 3 3 2 0 2 -1.80771526909579e-02
0 3 3 2 1 1 -3.08271298677488e-03
0 3 3 2 1 3 -4.58240870312690e-04
0 3 3 2 2 0 3.61543053819159e-02
0 3 3 2 3 1 -1.12916679471513e-02
0 3 3 2 3 3 -8.32646996265200e-05
0 3 3 3 0 1 2.21682340297216e-03
0 3 3 3 0 3 -4.15194931145184e-03
0 3 3 3 1 0 -3.96099925571453e-03
0 3 3 3 1 2 1.17499088174640e-02
0 3 3 3 2 1 -1.12916679471513e-02
0 3 3 3 2 3 -8.32646996265200e-05
0 3 3 3 3 0 8.30389862290368e-03
0 3 3 3 3 2 1.66529399253040e-04
1 0 0 0 0 1 3.70901831299791e+00
1 0 0 0 0 3 9.01433193485322e-02
1 0 0 0 1 0 -1.85450915649896e+00
1 0 0 0 1 2 6.65570904176658e-02
1 0 0 0 2 1 -1.27265995689100e-01
1 0 0 0 2 3 -2.48932537471567e-01
1 0 0 0 3 0 -4.50716596742661e-02
1 0 0 0 3 2 9.91607563852989e-03
1 0 0 1 0 0 -1.85450915649896e+00
1 0 0 1 0 2 6.65570904176658e-02
1 0 0 1 1 3 -5.78667530453096e-03
1 0 0 1 2 0 6.07089052714344e-02
1 0 0 1 2 2 1.08421412636969e-01
1 0 0 1 3 1 2.89333765226548e-03
1 0 0 1 3 3 1.13345380994356e-01
1 0 0 2 0 1 -1.27265995689100e-01
1 0 0 2 0 3 -2.48932537471567e-01
1 0 0 2 1 0 6.07089052714344e-02
1 0 0 2 1 2 1.08421412636969e-01
1 0 0 2 2 1 -2.16842825273937e-01
1 0 0 2 2 3 8.27244139600425e-03
1 0 0 2 3 0 2.39016461833037e-01
1 0 0 2 3 2 -4.13622069800213e-03
1 0 0 3 0 0 -4.50716596742661e-02
1 0 0 3 0 2 9.91607563852989e-03
1 0 0 3 1 1 2.89333765226548e-03
1 0 0 3 1 3 1.13345380994356e-01
1 0 0 3 2 0 2.39016461833037e-01
1 0 0 3 2 2 -4.13622069800213e-03
1 0 0 3 3 1 -2.26690761988713e-01
1 0 1 0 0 2 -1.24709526225262e-02
1 0 1 0 1 1 -1.85527378427000e+00
1 0 1 0 1 3 -4.76290367654696e-02
1 0 1 0 2 0 2.49419052450523e-02
1 0 1 0 2 2 3.82287399307818e-01
1 0 1 0 3 1 -5.51027334324466e-02
1 0 1 0 3 3 8.75119930360506e-02
1 0 1 1 0 1 3.71054756854000e+00
1 0 1 1 0 3 1.02731770197916e-01
1 0 1 1 1 0 -1.85527378427000e+00
1 0 1 1 1 2 5.69189165620957e-02
1 0 1 1 2 1 -1.13837833124191e-01
1 0 1 1 2 3 -2.48928461154084e-01
1 0 1 1 3 0 -5.51027334324466e-02
1 0 1 1 3 2 9.91403747978844e-03
1 0 1 2 0 0 -1.24709526225262e-02
1 0 1 2 0 2 -7.64574798615635e-01
1 0 1 2 1 1 5.69189165620957e-02
1 0 1 2 1 3 2.39014423674296e-01
1 0 1 2 2 0 3.82287399307818e-01
1 0 1 2 3 1 9.91403747978844e-03
1 0 1 2 3 3 5.36573330266888e-03
1 0 1 3 0 1 1.02731770197916e-01
1 0 1 3 0 3 -1.75023986072101e-01
1 0 1 3 1 0 -4.76290367654696e-02
1 0 1 3 1 2 2.39014423674296e-01
1 0 1 3 2 1 -2.48928461154084e-01
1 0 1 3 2 3 -1.07314666053378e-02
1 0 1 3 3 0 8.75119930360506e-02
1 0 1 3 3 2 5.36573330266888e-03
1 0 2 0 0 1 -1.27265995689100e-01
1 0 2 0 0 3 8.67539113315743e-03
1 0 2 0 1 0 6.07089052714344e-02
1 0 2 0 1 2 -1.26782844235484e-02
1 0 2 0 2 1 1.59163012269699e-02
1 0 2 0 2 3 8.62745159366947e-03
1 0 2 0 3 0 1.07901797184061e-03
1 0 2 0 3 2 -3.40553688231326e-04
1 0 2 1 0 0 6.65570904176658e-02
1 0 2 1 0 2 -2.33322867629553e-02
1 0 2 1 1 3 1.52124345861325e-02
1 0 2 1 2 0 -1.26782844235484e-02
1 0 2 1 2 2 -3.16171122672786e-03
1 0 2 1 3 1 -6.00484470882065e-04
1 0 2 1 3 3 -3.69754503790125e-03
1 0 2 2 0 1 2.53565688470967e-02
1 0 2 2 0 3 8.62745159366946e-03
1 0 2 2 1 0 7.41598553598535e-03
1 0 2 2 1 2 -3.52383564939853e-03
1 0 2 2 2 1 6.68554687612639e-03
1 0 2 2 2 3 -6.53630315887807e-03
1 0 2 2 3 0 -7.81425035520834e-03
1 0 2 2 3 2 3.46027447232610e-04
1 0 2 3 0 0 -9.75440910499804e-03
1 0 2 3 0 2 -8.13201238461120e-04
1 0 2 3 1 1 -1.46119501152504e-02
1 0 2 3 1 3 -3.69754503790125e-03
1 0 2 3 2 0 -8.28689790543814e-03
1 0 2 3 2 2 6.19027571164546e-03
1 0 2 3 3 1 7.39509007580250e-03
1 0 3 0 0 2 -2.02529335279810e-03
1 0 3 0 1 1 -5.51027334324466e-02
1 0 3 0 1 3 -1.19136566525018e-02
1 0 3 0 2 0 5.13079757115329e-02
1 0 3 0 2 2 9.75854963564004e-03
1 0 3 0 3 1 -2.25676589919087e-02
1 0 3 0 3 3 1.74417585274237e-03
1 0 3 1 0 1 1.02731770197916e-01
1 0 3 1 0 3 1.43870456848768e-02
1 0 3 1 1 0 -4.76290367654696e-02
1 0 3 1 1 2 9.68508069913661e-04
1 0 3 1 2 1 1.14750050044607e-02
1 0 3 1 2 3 -6.74261568878251e-03
1 0 3 1 3 0 -1.19136566525018e-02
1 0 3 1 3 2 2.66153059940227e-04
1 0 3 2 0 0 -4.92826823587348e-02
1 0 3 2 0 2 -1.95170992712801e-02
1 0 3 2 1 1 -1.24435130743744e-02
1 0 3 2 1 3 6.47646262884229e-03
1 0 3 2 2 0 9.75854963564005e-03
1 0 3 2 3 1 6.28277482610898e-04
1 0 3 2 3 3 6.19231387038680e-03
1 0 3 3 0 1 2.38273133050035e-02
1 0 3 3 0 3 -3.96099925571453e-03
1 0 3 3 1 0 8.18061330703192e-03
1 0 3 3 1 2 6.11433820617161e-03
1 0 3 3 2 1 -6.74261568878250e-03
1 0 3 3 2 3 -6.54037947636075e-03
1 0 3 3 3 0 2.21682340297216e-03
1 0 3 3 3 2 3.48065605973952e-04
1 1 0 0 0 2 -1.24709526225262e-02
1 1 0 0 1 1 3.71054756854000e+00
1 1 0 0 1 3 1.02731770197916e-01
1 1 0 0 2 0 -1.24709526225262e-02
1 1 0 0 2 2 -7.64574798615635e-01
1 1 0 0 3 1 1.02731770197916e-01
1 1 0 0 3 3 -1.75023986072101e-01
1 1 0 1 0 1 -1.85527378427000e+00
1 1 0 1 0 3 -4.76290367654696e-02
1 1 0 1 1 0 -1.85527378427000e+00
1 1 0 1 1 2 5.69189165620957e-02
1 1 0 1 2 1 5.69189165620957e-02
1 1 0 1 2 3 2.39014423674296e-01
1 1 0 1 3 0 -4.76290367654696e-02
1 1 0 1 3 2 2.39014423674296e-01
1 1 0 2 0 0 2.49419052450523e-02
1 1 0 2 0 2 3.82287399307818e-01
1 1 0 2 1 1 -1.13837833124191e-01
1 1 0 2 1 3 -2.48928461154084e-01
1 1 0 2 2 0 3.82287399307818e-01
1 1 0 2 3 1 -2.48928461154084e-01
1 1 0 2 3 3 -1.07314666053378e-02
1 1 0 3 0 1 -5.51027334324466e-02
1 1 0 3 0 3 8.75119930360506e-02
1 1 0 3 1 0 -5.51027334324466e-02
1 1 0 3 1 2 9.91403747978844e-03
1 1 0 3 2 1 9.91403747978844e-03
1 1 0 3 2 3 5.36573330266888e-03
1 1 0 3 3 0 8.75119930360506e-02
1 1 0 3 3 2 5.36573330266888e-03
1 1 2 0 0 2 -2.23799128752156e-02
1 1 2 0 1 1 -1.13837833124191e-01
1 1 2 0 1 3 1.14750050044607e-02
1 1 2 0 2 0 -2.23799128752156e-02
1 1 2 0 2 2 2.49419052450523e-02
1 1 2 0 3 1 1.14750050044607e-02
1 1 2 0 3 3 6.16542597354977e-03
1 1 2 1 0 1 5.69189165620957e-02
1 1 2 1 0 3 9.68508069913661e-04
1 1 2 1 1 0 5.69189165620957e-02
1 1 2 1 1 2 -8.32386194017830e-03
1 1 2 1 2 1 -8.32386194017830e-03
1 1 2 1 2 3 -7.62250123064465e-03
1 1 2 1 3 0 9.68508069913661e-04
1 1 2 1 3 2 -7.62250123064465e-03
1 1 2 2 0 0 4.47598257504313e-02
1 1 2 2 0 2 -1.24709526225262e-02
1 1 2 2 1 1 1.66477238803566e-02
1 1 2 2 1 3 7.77130579431228e-03
1 1 2 2 2 0 -1.24709526225262e-02
1 1 2 2 3 1 7.77130579431228e-03
1 1 2 2 3 3 -5.28592054702516e-03
1 1 2 3 0 1 -1.24435130743744e-02
1 1 2 3 0 3 -3.08271298677488e-03
1 1 2 3 1 0 -1.24435130743744e-02
1 1 2 3 1 2 -1.48804563667632e-04
1 1 2 3 2 1 -1.48804563667632e-04
1 1 2 3 2 3 2.64296027351258e-03
1 1 2 3 3 0 -3.08271298677488e-03
1 1 2 3 3 2 2.64296027351258e-03
1 1 3 0 0 1 2.89333765226548e-03
1 1 3 0 0 3 -5.35974181403755e-03
1 1 3 0 1 0 2.89333765226548e-03
1 1 3 0 1 2 -6.00484470882065e-04
1 1 3 0 2 1 -6.00484470882065e-04
1 1 3 0 2 3 -2.33838176996184e-04
1 1 3 0 3 0 -5.35974181403755e-03
1 1 3 0 3 2 -2.33838176996184e-04
1 1 3 1 0 0 -5.78667530453096e-03
1 1 3 1 0 2 1.52124345861325e-02
1 1 3 1 1 3 -6.93204816513023e-03
1 1 3 1 2 0 1.52124345861325e-02
1 1 3 1 2 2 -3.58315682803970e-04
1 1 3 1 3 1 -6.93204816513023e-03
1 1 3 2 0 1 -1.46119501152504e-02
1 1 3 2 0 3 -2.33838176996184e-04
1 1 3 2 1 0 -1.46119501152504e-02
1 1 3 2 1 2 1.79157841401985e-04
1 1 3 2 2 1 1.79157841401985e-04
1 1 3 2 2 3 2.89138991495668e-03
1 1 3 2 3 0 -2.33838176996184e-04
1 1 3 2 3 2 2.89138991495668e-03
1 1 3 3 0 0 1.07194836280751e-02
1 1 3 3 0 2 4.67676353992368e-04
1 1 3 3 1 1 1.38640963302605e-02
1 1 3 3 2 0 4.67676353992368e-04
1 1 3 3 2 2 -5.78277982991337e-03
1 2 0 0 0 1 -1.27265995689100e-01
1 2 0 0 0 3 8.67539113315743e-03
1 2 0 0 1 0 6.65570904176658e-02
1 2 0 0 1 2 -2.33322867629553e-02
1 2 0 0 2 1 2.53565688470967e-02
1 2 0 0 2 3 8.62745159366946e-03
1 2 0 0 3 0 -9.75440910499804e-03
1 2 0 0 3 2 -8.13201238461120e-04
1 2 0 1 0 0 6.07089052714344e-02
1 2 0 1 0 2 -1.26782844235484e-02
1 2 0 1 1 3 1.52124345861325e-02
1 2 0 1 2 0 7.41598553598535e-03
1 2 0 1 2 2 -3.52383564939853e-03
1 2 0 1 3 1 -1.46119501152504e-02
1 2 0 1 3 3 -3.69754503790125e-03
1 2 0 2 0 1 1.59163012269699e-02
1 2 0 2 0 3 8.62745159366947e-03
1 2 0 2 1 0 -1.26782844235484e-02
1 2 0 2 1 2 -3.16171122672786e-03
1 2 0 2 2 1 6.68554687612639e-03
1 2 0 2 2 3 -6.53630315887807e-03
1 2 0 2 3 0 -8.28689790543814e-03
1 2 0 2 3 2 6.19027571164546e-03
1 2 0 3 0 0 1.07901797184061e-03
1 2 0 3 0 2 -3.40553688231326e-04
1 2 0 3 1 1 -6.00484470882065e-04
1 2 0 3 1 3 -3.69754503790125e-03
1 2 0 3 2 0 -7.81425035520834e-03
1 2 0 3 2 2 3.46027447232610e-04
1 2 0 3 3 1 7.39509007580250e-03
1 2 1 0 0 2 -2.23799128752156e-02
1 2 1 0 1 1 5.69189165620957e-02
1 2 1 0 1 3 9.68508069913661e-04
1 2 1 0 2 0 4.47598257504313e-02
1 2 1 0 2 2 -1.24709526225262e-02
1 2 1 0 3 1 -1.24435130743744e-02
1 2 1 0 3 3 -3.08271298677488e-03
1 2 1 1 0 1 -1.13837833124191e-01
1 2 1 1 0 3 1.14750050044607e-02
1 2 1 1 1 0 5.69189165620957e-02
1 2 1 1 1 2 -8.32386194017830e-03
1 2 1 1 2 1 1.66477238803566e-02
1 2 1 1 2 3 7.77130579431228e-03
1 2 1 1 3 0 -1.24435130743744e-02
1 2 1 1 3 2 -1.48804563667632e-04
1 2 1 2 0 0 -2.23799128752156e-02
1 2 1 2 0 2 2.49419052450523e-02
1 2 1 2 1 1 -8.32386194017830e-03
1 2 1 2 1 3 -7.62250123064465e-03
1 2 1 2 2 0 -1.24709526225262e-02
1 2 1 2 3 1 -1.48804563667632e-04
1 2 1 2 3 3 2.64296027351258e-03
1 2 1 3 0 1 1.14750050044607e-02
1 2 1 3 0 3 6.16542597354977e-03
1 2 1 3 1 0 9.68508069913661e-04
1 2 1 3 1 2 -7.62250123064465e-03
1 2 1 3 2 1 7.77130579431228e-03
1 2 1 3 2 3 -5.28592054702516e-03
1 2 1 3 3 0 -3.08271298677488e-03
1 2 1 3 3 2 2.64296027351258e-03
1 2 2 0 0 1 -2.16842825273937e-01
1 2 2 0 0 3 -5.81615088871146e-03
1 2 2 0 1 0 1.08421412636969e-01
1 2 2 0 1 2 -3.16171122672786e-03
1 2 2 0 2 1 6.68554687612639e-03
1 2 2 0 2 3 1.45495226887673e-02
1 2 2 0 3 0 2.90807544435573e-03
1 2 2 0 3 2 -5.68750772239645e-04
1 2 2 1 0 0 1.08421412636969e-01
1 2 2 1 0 2 -3.16171122672786e-03
1 2 2 1 1 3 -3.58315682803970e-04
1 2 2 1 2 0 -3.52383564939853e-03
1 2 2 1 2 2 -6.35622676940968e-03
1 2 2 1 3 1 1.79157841401985e-04
1 2 2 1 3 3 -6.63547832351988e-03
1 2 2 2 0 1 6.68554687612639e-03
1 2 2 2 0 3 1.45495226887673e-02
1 2 2 2 1 0 -3.52383564939853e-03
1 2 2 2 1 2 -6.35622676940968e-03
1 2 2 2 2 1 1.27124535388194e-02
1 2 2 2 2 3 -1.93530910725798e-04
1 2 2 2 3 0 -1.39807719165276e-02
1 2 2 2 3 2 9.67654553628992e-05
1 2 2 3 0 0 2.90807544435573e-03
1 2 2 3 0 2 -5.68750772239645e-04
1 2 2 3 1 1 1.79157841401985e-04
1 2 2 3 1 3 -6.63547832351988e-03
1 2 2 3 2 0 -1.39807719165276e-02
1 2 2 3 2 2 9.67654553628992e-05
1 2 2 3 3 1 1.32709566470398e-02
1 2 3 0 0 2 6.04257400295630e-04
1 2 3 0 1 1 9.91403747978844e-03
1 2 3 0 1 3 2.66153059940227e-04
1 2 3 0 2 0 -1.20851480059126e-03
1 2 3 0 2 2 -2.02529335279809e-03
1 2 3 0 3 1 6.28277482610898e-04
1 2 3 0 3 3 -4.58240870312690e-04
1 2 3 1 0 1 -2.48928461154084e-01
1 2 3 1 0 3 -6.74261568878251e-03
1 2 3 1 1 0 2.39014423674296e-01
1 2 3 1 1 2 -7.62250123064465e-03
1 2 3 1 2 1 7.77130579431228e-03
1 2 3 1 2 3 1.19810308854327e-02
1 2 3 1 3 0 6.47646262884229e-03
1 2 3 1 3 2 -1.07106492527797e-02
1 2 3 2 0 0 6.04257400295630e-04
1 2 3 2 0 2 5.13079757115329e-02
1 2 3 2 1 1 -1.48804563667632e-04
1 2 3 2 1 3 -1.07106492527797e-02
1 2 3 2 2 0 -4.92826823587349e-02
1 2 3 2 3 1 9.38362070675397e-03
1 2 3 2 3 3 -9.49836692007920e-05
1 2 3 3 0 1 -6.74261568878250e-03
1 2 3 3 0 3 1.17499088174640e-02
1 2 3 3 1 0 6.11433820617161e-03
1 2 3 3 1 2 -2.13646515921866e-02
1 2 3 3 2 1 2.14212985055594e-02
1 2 3 3 2 3 6.62614888631380e-04
1 2 3 3 3 0 -1.12916679471513e-02
1 2 3 3 3 2 -5.67631219430588e-04
1 3 0 0 0 2 -2.02529335279810e-03
1 3 0 0 1 1 1.02731770197916e-01
1 3 0 0 1 3 1.43870456848768e-02
1 3 0 0 2 0 -4.92826823587348e-02
1 3 0 0 2 2 -1.95170992712801e-02
1 3 0 0 3 1 2.38273133050035e-02
1 3 0 0 3 3 -3.96099925571453e-03
1 3 0 1 0 1 -5.51027334324466e-02
1 3 0 1 0 3 -1.19136566525018e-02
1 3 0 1 1 0 -4.76290367654696e-02
1 3 0 1 1 2 9.68508069913661e-04
1 3 0 1 2 1 -1.24435130743744e-02
1 3 0 1 2 3 6.47646262884229e-03
1 3 0 1 3 0 8.18061330703192e-03
1 3 0 1 3 2 6.11433820617161e-03
1 3 0 2 0 0 5.13079757115329e-02
1 3 0 2 0 2 9.75854963564004e-03
1 3 0 2 1 1 1.14750050044607e-02
1 3 0 2 1 3 -6.74261568878251e-03
1 3 0 2 2 0 9.75854963564005e-03
1 3 0 2 3 1 -6.74261568878250e-03
1 3 0 2 3 3 -6.54037947636075e-03
1 3 0 3 0 1 -2.25676589919087e-02
1 3 0 3 0 3 1.74417585274237e-03
1 3 0 3 1 0 -1.19136566525018e-02
1 3 0 3 1 2 2.66153059940227e-04
1 3 0 3 2 1 6.28277482610898e-04
1 3 0 3 2 3 6.19231387038680e-03
1 3 0 3 3 0 2.21682340297216e-03
1 3 0 3 3 2 3.48065605973952e-04
1 3 1 0 0 1 2.89333765226548e-03
1 3 1 0 0 3 -5.35974181403755e-03
1 3 1 0 1 0 -5.78667530453096e-03
1 3 1 0 1 2 1.52124345861325e-02
1 3 1 0 2 1 -1.46119501152504e-02
1 3 1 0 2 3 -2.33838176996184e-04
1 3 1 0 3 0 1.07194836280751e-02
1 3 1 0 3 2 4.67676353992368e-04
1 3 1 1 0 0 2.89333765226548e-03
1 3 1 1 0 2 -6.00484470882065e-04
1 3 1 1 1 3 -6.93204816513023e-03
1 3 1 1 2 0 -1.46119501152504e-02
1 3 1 1 2 2 1.79157841401985e-04
1 3 1 1 3 1 1.38640963302605e-02
1 3 1 2 0 1 -6.00484470882065e-04
1 3 1 2 0 3 -2.33838176996184e-04
1 3 1 2 1 0 1.52124345861325e-02
1 3 1 2 1 2 -3.58315682803970e-04
1 3 1 2 2 1 1.79157841401985e-04
1 3 1 2 2 3 2.89138991495668e-03
1 3 1 2 3 0 4.67676353992368e-04
1 3 1 2 3 2 -5.78277982991337e-03
1 3 1 3 0 0 -5.35974181403755e-03
1 3 1 3 0 2 -2.33838176996184e-04
1 3 1 3 1 1 -6.93204816513023e-03
1 3 1 3 2 0 -2.33838176996184e-04
1 3 1 3 2 2 2.89138991495668e-03
1 3 2 0 0 2 6.04257400295630e-04
1 3 2 0 1 1 -2.48928461154084e-01
1 3 2 0 1 3 -6.74261568878251e-03
1 3 2 0 2 0 6.04257400295630e-04
1 3 2 0 2 2 5.13079757115329e-02
1 3 2 0 3 1 -6.74261568878250e-03
1 3 2 0 3 3 1.17499088174640e-02
1 3 2 1 0 1 9.91403747978844e-03
1 3 2 1 0 3 2.66153059940227e-04
1 3 2 1 1 0 2.39014423674296e-01
1 3 2 1 1 2 -7.62250123064465e-03
1 3 2 1 2 1 -1.48804563667632e-04
1 3 2 1 2 3 -1.07106492527797e-02
1 3 2 1 3 0 6.11433820617161e-03
1 3 2 1 3 2 -2.13646515921866e-02
1 3 2 2 0 0 -1.20851480059126e-03
1 3 2 2 0 2 -2.02529335279809e-03
1 3 2 2 1 1 7.77130579431228e-03
1 3 2 2 1 3 1.19810308854327e-02
1 3 2 2 2 0 -4.92826823587349e-02
1 3 2 2 3 1 2.14212985055594e-02
1 3 2 2 3 3 6.62614888631380e-04
1 3 2 3 0 1 6.28277482610898e-04
1 3 2 3 0 3 -4.58240870312690e-04
1 3 2 3 1 0 6.47646262884229e-03
1 3 2 3 1 2 -1.07106492527797e-02
1 3 2 3 2 1 9.38362070675397e-03
1 3 2 3 2 3 -9.49836692007920e-05
1 3 2 3 3 0 -1.12916679471513e-02
1 3 2 3 3 2 -5.67631219430588e-04
1 3 3 0 0 1 -2.26690761988713e-01
1 3 3 0 0 3 -5.78667530453096e-03
1 3 3 0 1 0 1.13345380994356e-01
1 3 3 0 1 2 -3.69754503790125e-03
1 3 3 0 2 1 7.39509007580250e-03
1 3 3 0 2 3 1.52124345861325e-02
1 3 3 0 3 0 2.89333765226548e-03
1 3 3 0 3 2 -6.00484470882063e-04
1 3 3 1 0 0 1.13345380994356e-01
1 3 3 1 0 2 -3.69754503790125e-03
1 3 3 1 2 0 -3.69754503790125e-03
1 3 3 1 2 2 -6.63547832351988e-03
1 3 3 1 3 3 -6.93204816513023e-03
1 3 3 2 0 1 7.39509007580250e-03
1 3 3 2 0 3 1.52124345861325e-02
1 3 3 2 1 0 -3.69754503790125e-03
1 3 3 2 1 2 -6.63547832351988e-03
1 3 3 2 2 1 1.32709566470398e-02
1 3 3 2 2 3 -3.58315682803971e-04
1 3 3 2 3 0 -1.46119501152504e-02
1 3 3 2 3 2 1.79157841401985e-04
1 3 3 3 0 0 2.89333765226548e-03
1 3 3 3 0 2 -6.00484470882063e-04
1 3 3 3 1 3 -6.93204816513023e-03
1 3 3 3 2 0 -1.46119501152504e-02
1 3 3 3 2 2 1.79157841401985e-04
1 3 3 3 3 1 1.38640963302605e-02
2 0 0 0 0 2 1.57711688236260e-01
2 0 0 0 1 1 -1.24709526225262e-02
2 0 0 0 1 3 -4.92826823587348e-02
2 0 0 0 2 0 -7.88558441181299e-02
2 0 0 0 3 1 -2.02529335279810e-03
2 0 0 0 3 3 -7.88681353915987e-04
2 0 0 1 0 1 -1.24709526225262e-02
2 0 0 1 0 3 -4.92826823587348e-02
2 0 0 1 1 0 2.49419052450523e-02
2 0 0 1 1 2 4.47598257504313e-02
2 0 0 1 2 1 -2.23799128752156e-02
2 0 0 1 2 3 6.04257400295630e-04
2 0 0 1 3 0 5.13079757115329e-02
2 0 0 1 3 2 -1.20851480059126e-03
2 0 0 2 0 0 -7.88558441181299e-02
2 0 0 2 1 1 -2.23799128752156e-02
2 0 0 2 1 3 6.04257400295630e-04
2 0 0 2 3 1 6.04257400295630e-04
2 0 0 2 3 3 9.75198037429228e-03
2 0 0 3 0 1 -2.02529335279810e-03
2 0 0 3 0 3 -7.88681353915987e-04
2 0 0 3 1 0 5.13079757115329e-02
2 0 0 3 1 2 -1.20851480059126e-03
2 0 0 3 2 1 6.04257400295630e-04
2 0 0 3 2 3 9.75198037429228e-03
2 0 0 3 3 0 1.57736270783197e-03
2 0 0 3 3 2 -1.95039607485846e-02
2 0 1 0 0 1 6.65570904176658e-02
2 0 1 0 0 3 -9.75440910499804e-03
2 0 1 0 1 0 6.07089052714344e-02
2 0 1 0 1 2 7.41598553598535e-03
2 0 1 0 2 1 -1.26782844235484e-02
2 0 1 0 2 3 -8.28689790543814e-03
2 0 1 0 3 0 1.07901797184061e-03
2 0 1 0 3 2 -7.81425035520834e-03
2 0 1 1 0 0 -1.27265995689100e-01
2 0 1 1 0 2 2.53565688470967e-02
2 0 1 1 1 3 -1.46119501152504e-02
2 0 1 1 2 0 1.59163012269699e-02
2 0 1 1 2 2 6.68554687612639e-03
2 0 1 1 3 1 -6.00484470882065e-04
2 0 1 1 3 3 7.39509007580250e-03
2 0 1 2 0 1 -2.33322867629553e-02
2 0 1 2 0 3 -8.13201238461120e-04
2 0 1 2 1 0 -1.26782844235484e-02
2 0 1 2 1 2 -3.52383564939853e-03
2 0 1 2 2 1 -3.16171122672786e-03
2 0 1 2 2 3 6.19027571164546e-03
2 0 1 2 3 0 -3.40553688231326e-04
2 0 1 2 3 2 3.46027447232610e-04
2 0 1 3 0 0 8.67539113315743e-03
2 0 1 3 0 2 8.62745159366946e-03
2 0 1 3 1 1 1.52124345861325e-02
2 0 1 3 1 3 -3.69754503790125e-03
2 0 1 3 2 0 8.62745159366947e-03
2 0 1 3 2 2 -6.53630315887807e-03
2 0 1 3 3 1 -3.69754503790125e-03
2 0 2 0 1 1 3.82287399307818e-01
2 0 2 0 1 3 9.75854963564005e-03
2 0 2 0 2 2 -7.88558441181299e-02
2 0 2 0 3 1 9.75854963564004e-03
2 0 2 0 3 3 -1.80771526909579e-02
2 0 2 1 0 1 -7.64574798615635e-01
2 0 2 1 0 3 -1.95170992712801e-02
2 0 2 1 1 0 3.82287399307818e-01
2 0 2 1 1 2 -1.24709526225262e-02
2 0 2 1 2 1 2.49419052450523e-02
2 0 2 1 2 3 5.13079757115329e-02
2 0 2 1 3 0 9.75854963564004e-03
2 0 2 1 3 2 -2.02529335279809e-03
2 0 2 2 0 2 1.57711688236260e-01
2 0 2 2 1 1 -1.24709526225262e-02
2 0 2 2 1 3 -4.92826823587349e-02
2 0 2 2 2 0 -7.88558441181299e-02
2 0 2 2 3 1 -2.02529335279809e-03
2 0 2 2 3 3 -7.88681353915987e-04
2 0 2 3 0 1 -1.95170992712801e-02
2 0 2 3 0 3 3.61543053819159e-02
2 0 2 3 1 0 9.75854963564005e-03
2 0 2 3 1 2 -4.92826823587349e-02
2 0 2 3 2 1 5.13079757115329e-02
2 0 2 3 2 3 1.57736270783197e-03
2 0 2 3 3 0 -1.80771526909579e-02
2 0 2 3 3 2 -7.88681353915987e-04
2 0 3 0 0 1 9.91607563852989e-03
2 0 3 0 0 3 6.98339167165755e-05
2 0 3 0 1 0 2.39016461833037e-01
2 0 3 0 1 2 -7.81425035520834e-03
2 0 3 0 2 1 -3.40553688231326e-04
2 0 3 0 2 3 -1.07139069856095e-02
2 0 3 0 3 0 5.91801906294797e-03
2 0 3 0 3 2 -2.13679093250164e-02
2 0 3 1 0 0 -2.48932537471567e-01
2 0 3 1 0 2 8.62745159366946e-03
2 0 3 1 1 3 -2.33838176996184e-04
2 0 3 1 2 0 8.62745159366947e-03
2 0 3 1 2 2 1.45495226887673e-02
2 0 3 1 3 1 -2.33838176996184e-04
2 0 3 1 3 3 1.52124345861325e-02
2 0 3 2 0 1 -8.13201238461120e-04
2 0 3 2 0 3 9.38036297392420e-03
2 0 3 2 1 0 -8.28689790543814e-03
2 0 3 2 1 2 -1.39807719165276e-02
2 0 3 2 2 1 -5.68750772239645e-04
2 0 3 2 2 3 1.13054443597124e-04
2 0 3 2 3 0 -1.07139069856095e-02
2 0 3 2 3 2 4.75178866267801e-04
2 0 3 3 0 0 -5.98785297966454e-03
2 0 3 3 0 2 2.14278139712190e-02
2 0 3 3 1 1 4.67676353992368e-04
2 0 3 3 1 3 -1.46119501152504e-02
2 0 3 3 2 0 1.19875463510922e-02
2 0 3 3 2 2 -5.88233309864926e-04
2 0 3 3 3 1 -6.00484470882063e-04
2 1 0 0 0 1 6.65570904176658e-02
2 1 0 0 0 3 -9.75440910499804e-03
2 1 0 0 1 0 -1.27265995689100e-01
2 1 0 0 1 2 2.53565688470967e-02
2 1 0 0 2 1 -2.33322867629553e-02
2 1 0 0 2 3 -8.13201238461120e-04
2 1 0 0 3 0 8.67539113315743e-03
2 1 0 0 3 2 8.62745159366946e-03
2 1 0 1 0 0 6.07089052714344e-02
2 1 0 1 0 2 7.41598553598535e-03
2 1 0 1 1 3 -1.46119501152504e-02
2 1 0 1 2 0 -1.26782844235484e-02
2 1 0 1 2 2 -3.52383564939853e-03
2 1 0 1 3 1 1.52124345861325e-02
2 1 0 1 3 3 -3.69754503790125e-03
2 1 0 2 0 1 -1.26782844235484e-02
2 1 0 2 0 3 -8.28689790543814e-03
2 1 0 2 1 0 1.59163012269699e-02
2 1 0 2 1 2 6.68554687612639e-03
2 1 0 2 2 1 -3.16171122672786e-03
2 1 0 2 2 3 6.19027571164546e-03
2 1 0 2 3 0 8.62745159366947e-03
2 1 0 2 3 2 -6.53630315887807e-03
2 1 0 3 0 0 1.07901797184061e-03
2 1 0 3 0 2 -7.81425035520834e-03
2 1 0 3 1 1 -6.00484470882065e-04
2 1 0 3 1 3 7.39509007580250e-03
2 1 0 3 2 0 -3.40553688231326e-04
2 1 0 3 2 2 3.46027447232610e-04
2 1 0 3 3 1 -3.69754503790125e-03
2 1 1 0 0 2 4.47598257504313e-02
2 1 1 0 1 1 5.69189165620957e-02
2 1 1 0 1 3 -1.24435130743744e-02
2 1 1 0 2 0 -2.23799128752156e-02
2 1 1 0 2 2 -1.24709526225262e-02
2 1 1 0 3 1 9.68508069913661e-04
2 1 1 0 3 3 -3.08271298677488e-03
2 1 1 1 0 1 5.69189165620957e-02
2 1 1 1 0 3 -1.24435130743744e-02
2 1 1 1 1 0 -1.13837833124191e-01
2 1 1 1 1 2 1.66477238803566e-02
2 1 1 1 2 1 -8.32386194017830e-03
2 1 1 1 2 3 -1.48804563667632e-04
2 1 1 1 3 0 1.14750050044607e-02
2 1 1 1 3 2 7.77130579431228e-03
2 1 1 2 0 0 -2.23799128752156e-02
2 1 1 2 0 2 -1.24709526225262e-02
2 1 1 2 1 1 -8.32386194017830e-03
2 1 1 2 1 3 -1.48804563667632e-04
2 1 1 2 2 0 2.49419052450523e-02
2 1 1 2 3 1 -7.62250123064465e-03
2 1 1 2 3 3 2.64296027351258e-03
2 1 1 3 0 1 9.68508069913661e-04
2 1 1 3 0 3 -3.08271298677488e-03
2 1 1 3 1 0 1.14750050044607e-02
2 1 1 3 1 2 7.77130579431228e-03
2 1 1 3 2 1 -7.62250123064465e-03
2 1 1 3 2 3 2.64296027351258e-03
2 1 1 3 3 0 6.16542597354977e-03
2 1 1 3 3 2 -5.28592054702516e-03
2 1 2 0 0 1 1.08421412636969e-01
2 1 2 0 0 3 2.90807544435573e-03
2 1 2 0 1 0 -2.16842825273937e-01
2 1 2 0 1 2 6.68554687612639e-03
2 1 2 0 2 1 -3.16171122672786e-03
2 1 2 0 2 3 -5.68750772239645e-04
2 1 2 0 3 0 -5.81615088871146e-03
2 1 2 0 3 2 1.45495226887673e-02
2 1 2 1 0 0 1.08421412636969e-01
2 1 2 1 0 2 -3.52383564939853e-03
2 1 2 1 1 3 1.79157841401985e-04
2 1 2 1 2 0 -3.16171122672786e-03
2 1 2 1 2 2 -6.35622676940968e-03
2 1 2 1 3 1 -3.58315682803970e-04
2 1 2 1 3 3 -6.63547832351988e-03
2 1 2 2 0 1 -3.52383564939853e-03
2 1 2 2 0 3 -1.39807719165276e-02
2 1 2 2 1 0 6.68554687612639e-03
2 1 2 2 1 2 1.27124535388194e-02
2 1 2 2 2 1 -6.35622676940968e-03
2 1 2 2 2 3 9.67654553628992e-05
2 1 2 2 3 0 1.45495226887673e-02
2 1 2 2 3 2 -1.93530910725798e-04
2 1 2 3 0 0 2.90807544435573e-03
2 1 2 3 0 2 -1.39807719165276e-02
2 1 2 3 1 1 1.79157841401985e-04
2 1 2 3 1 3 1.32709566470398e-02
2 1 2 3 2 0 -5.68750772239645e-04
2 1 2 3 2 2 9.67654553628992e-05
2 1 2 3 3 1 -6.63547832351988e-03
2 1 3 0 0 2 -1.20851480059126e-03
2 1 3 0 1 1 9.91403747978844e-03
2 1 3 0 1 3 6.28277482610898e-04
2 1 3 0 2 0 6.04257400295630e-04
2 1 3 0 2 2 -2.02529335279809e-03
2 1 3 0 3 1 2.66153059940227e-04
2 1 3 0 3 3 -4.58240870312690e-04
2 1 3 1 0 1 2.39014423674296e-01
2 1 3 1 0 3 6.47646262884229e-03
2 1 3 1 1 0 -2.48928461154084e-01
2 1 3 1 1 2 7.77130579431228e-03
2 1 3 1 2 1 -7.62250123064465e-03
2 1 3 1 2 3 -1.07106492527797e-02
2 1 3 1 3 0 -6.74261568878251e-03
2 1 3 1 3 2 1.19810308854327e-02
2 1 3 2 0 0 6.04257400295630e-04
2 1 3 2 0 2 -4.92826823587349e-02
2 1 3 2 1 1 -1.48804563667632e-04
2 1 3 2 1 3 9.38362070675397e-03
2 1 3 2 2 0 5.13079757115329e-02
2 1 3 2 3 1 -1.07106492527797e-02
2 1 3 2 3 3 -9.49836692007920e-05
2 1 3 3 0 1 6.11433820617161e-03
2 1 3 3 0 3 -1.12916679471513e-02
2 1 3 3 1 0 -6.74261568878250e-03
2 1 3 3 1 2 2.14212985055594e-02
2 1 3 3 2 1 -2.13646515921866e-02
2 1 3 3 2 3 -5.67631219430588e-04
2 1 3 3 3 0 1.17499088174640e-02
2 1 3 3 3 2 6.62614888631380e-04
2 2 0 0 1 1 -7.64574798615635e-01
2 2 0 0 1 3 -1.95170992712801e-02
2 2 0 0 2 2 1.57711688236260e-01
2 2 0 0 3 1 -1.95170992712801e-02
2 2 0 0 3 3 3.61543053819159e-02
2 2 0 1 0 1 3.82287399307818e-01
2 2 0 1 0 3 9.75854963564005e-03
2 2 0 1 1 0 3.82287399307818e-01
2 2 0 1 1 2 -1.24709526225262e-02
2 2 0 1 2 1 -1.24709526225262e-02
2 2 0 1 2 3 -4.92826823587349e-02
2 2 0 1 3 0 9.75854963564005e-03
2 2 0 1 3 2 -4.92826823587349e-02
2 2 0 2 0 2 -7.88558441181299e-02
2 2 0 2 1 1 2.49419052450523e-02
2 2 0 2 1 3 5.13079757115329e-02
2 2 0 2 2 0 -7.88558441181299e-02
2 2 0 2 3 1 5.13079757115329e-02
2 2 0 2 3 3 1.57736270783197e-03
2 2 0 3 0 1 9.75854963564004e-03
2 2 0 3 0 3 -1.80771526909579e-02
2 2 0 3 1 0 9.75854963564004e-03
2 2 0 3 1 2 -2.02529335279809e-03
2 2 0 3 2 1 -2.02529335279809e-03
2 2 0 3 2 3 -7.88681353915987e-04
2 2 0 3 3 0 -1.80771526909579e-02
2 2 0 3 3 2 -7.88681353915987e-04
2 2 1 0 0 1 1.08421412636969e-01
2 2 1 0 0 3 2.90807544435573e-03
2 2 1 0 1 0 1.08421412636969e-01
2 2 1 0 1 2 -3.52383564939853e-03
2 2 1 0 2 1 -3.52383564939853e-03
2 2 1 0 2 3 -1.39807719165276e-02
2 2 1 0 3 0 2.90807544435573e-03
2 2 1 0 3 2 -1.39807719165276e-02
2 2 1 1 0 0 -2.16842825273937e-01
2 2 1 1 0 2 6.68554687612639e-03
2 2 1 1 1 3 1.79157841401985e-04
2 2 1 1 2 0 6.68554687612639e-03
2 2 1 1 2 2 1.27124535388194e-02
2 2 1 1 3 1 1.79157841401985e-04
2 2 1 1 3 3 1.32709566470398e-02
2 2 1 2 0 1 -3.16171122672786e-03
2 2 1 2 0 3 -5.68750772239645e-04
2 2 1 2 1 0 -3.16171122672786e-03
2 2 1 2 1 2 -6.35622676940968e-03
2 2 1 2 2 1 -6.35622676940968e-03
2 2 1 2 2 3 9.67654553628992e-05
2 2 1 2 3 0 -5.68750772239645e-04
2 2 1 2 3 2 9.67654553628992e-05
2 2 1 3 0 0 -5.81615088871146e-03
2 2 1 3 0 2 1.45495226887673e-02
2 2 1 3 1 1 -3.58315682803970e-04
2 2 1 3 1 3 -6.63547832351988e-03
2 2 1 3 2 0 1.45495226887673e-02
2 2 1 3 2 2 -1.93530910725798e-04
2 2 1 3 3 1 -6.63547832351988e-03
2 2 3 0 0 1 -4.13622069800213e-03
2 2 3 0 0 3 2.16079561809730e-03
2 2 3 0 1 0 -4.13622069800213e-03
2 2 3 0 1 2 3.46027447232610e-04
2 2 3 0 2 1 3.46027447232610e-04
2 2 3 0 2 3 4.75178866267801e-04
2 2 3 0 3 0 2.16079561809730e-03
2 2 3 0 3 2 4.75178866267801e-04
2 2 3 1 0 0 8.27244139600425e-03
2 2 3 1 0 2 -6.53630315887807e-03
2 2 3 1 1 3 2.89138991495668e-03
2 2 3 1 2 0 -6.53630315887807e-03
2 2 3 1 2 2 -1.93530910725798e-04
2 2 3 1 3 1 2.89138991495668e-03
2 2 3 1 3 3 -3.58315682803971e-04
2 2 3 2 0 1 6.19027571164546e-03
2 2 3 2 0 3 1.13054443597124e-04
2 2 3 2 1 0 6.19027571164546e-03
2 2 3 2 1 2 9.67654553628992e-05
2 2 3 2 2 1 9.67654553628992e-05
2 2 3 2 2 3 -1.21064265171495e-03
2 2 3 2 3 0 1.13054443597124e-04
2 2 3 2 3 2 -1.21064265171495e-03
2 2 3 3 0 0 -4.32159123619461e-03
2 2 3 3 0 2 -5.88233309864926e-04
2 2 3 3 1 1 -5.78277982991337e-03
2 2 3 3 1 3 1.79157841401985e-04
2 2 3 3 2 0 -5.88233309864926e-04
2 2 3 3 2 2 2.42128530342991e-03
2 2 3 3 3 1 1.79157841401985e-04
2 3 0 0 0 1 9.91607563852989e-03
2 3 0 0 0 3 6.98339167165755e-05
2 3 0 0 1 0 -2.48932537471567e-01
2 3 0 0 1 2 8.62745159366946e-03
2 3 0 0 2 1 -8.13201238461120e-04
2 3 0 0 2 3 9.38036297392420e-03
2 3 0 0 3 0 -5.98785297966454e-03
2 3 0 0 3 2 2.14278139712190e-02
2 3 0 1 0 0 2.39016461833037e-01
2 3 0 1 0 2 -7.81425035520834e-03
2 3 0 1 1 3 -2.33838176996184e-04
2 3 0 1 2 0 -8.28689790543814e-03
2 3 0 1 2 2 -1.39807719165276e-02
2 3 0 1 3 1 4.67676353992368e-04
2 3 0 1 3 3 -1.46119501152504e-02
2 3 0 2 0 1 -3.40553688231326e-04
2 3 0 2 0 3 -1.07139069856095e-02
2 3 0 2 1 0 8.62745159366947e-03
2 3 0 2 1 2 1.45495226887673e-02
2 3 0 2 2 1 -5.68750772239645e-04
2 3 0 2 2 3 1.13054443597124e-04
2 3 0 2 3 0 1.19875463510922e-02
2 3 0 2 3 2 -5.88233309864926e-04
2 3 0 3 0 0 5.91801906294797e-03
2 3 0 3 0 2 -2.13679093250164e-02
2 3 0 3 1 1 -2.33838176996184e-04
2 3 0 3 1 3 1.52124345861325e-02
2 3 0 3 2 0 -1.07139069856095e-02
2 3 0 3 2 2 4.75178866267801e-04
2 3 0 3 3 1 -6.00484470882063e-04
2 3 1 0 0 2 -1.20851480059126e-03
2 3 1 0 1 1 2.39014423674296e-01
2 3 1 0 1 3 6.47646262884229e-03
2 3 1 0 2 0 6.04257400295630e-04
2 3 1 0 2 2 -4.92826823587349e-02
2 3 1 0 3 1 6.11433820617161e-03
2 3 1 0 3 3 -1.12916679471513e-02
2 3 1 1 0 1 9.91403747978844e-03
2 3 1 1 0 3 6.28277482610898e-04
2 3 1 1 1 0 -2.48928461154084e-01
2 3 1 1 1 2 7.77130579431228e-03
2 3 1 1 2 1 -1.48804563667632e-04
2 3 1 1 2 3 9.38362070675397e-03
2 3 1 1 3 0 -6.74261568878250e-03
2 3 1 1 3 2 2.14212985055594e-02
2 3 1 2 0 0 6.04257400295630e-04
2 3 1 2 0 2 -2.02529335279809e-03
2 3 1 2 1 1 -7.62250123064465e-03
2 3 1 2 1 3 -1.07106492527797e-02
2 3 1 2 2 0 5.13079757115329e-02
2 3 1 2 3 1 -2.13646515921866e-02
2 3 1 2 3 3 -5.67631219430588e-04
2 3 1 3 0 1 2.66153059940227e-04
2 3 1 3 0 3 -4.58240870312690e-04
2 3 1 3 1 0 -6.74261568878251e-03
2 3 1 3 1 2 1.19810308854327e-02
2 3 1 3 2 1 -1.07106492527797e-02
2 3 1 3 2 3 -9.49836692007920e-05
2 3 1 3 3 0 1.17499088174640e-02
2 3 1 3 3 2 6.62614888631380e-04
2 3 2 0 0 1 -4.13622069800213e-03
2 3 2 0 0 3 2.16079561809730e-03
2 3 2 0 1 0 8.27244139600425e-03
2 3 2 0 1 2 -6.53630315887807e-03
2 3 2 0 2 1 6.19027571164546e-03
2 3 2 0 2 3 1.13054443597124e-04
2 3 2 0 3 0 -4.32159123619461e-03
2 3 2 0 3 2 -5.88233309864926e-04
2 3 2 1 0 0 -4.13622069800213e-03
2 3 2 1 0 2 3.46027447232610e-04
2 3 2 1 1 3 2.89138991495668e-03
2 3 2 1 2 0 6.19027571164546e-03
2 3 2 1 2 2 9.67654553628992e-05
2 3 2 1 3 1 -5.78277982991337e-03
2 3 2 1 3 3 1.79157841401985e-04
2 3 2 2 0 1 3.46027447232610e-04
2 3 2 2 0 3 4.75178866267801e-04
2 3 2 2 1 0 -6.53630315887807e-03
2 3 2 2 1 2 -1.93530910725798e-04
2 3 2 2 2 1 9.67654553628992e-05
2 3 2 2 2 3 -1.21064265171495e-03
2 3 2 2 3 0 -5.88233309864926e-04
2 3 2 2 3 2 2.42128530342991e-03
2 3 2 3 0 0 2.16079561809730e-03
2 3 2 3 0 2 4.75178866267801e-04
2 3 2 3 1 1 2.89138991495668e-03
2 3 2 3 1 3 -3.58315682803971e-04
2 3 2 3 2 0 1.13054443597124e-04
2 3 2 3 2 2 -1.21064265171495e-03
2 3 2 3 3 1 1.79157841401985e-04
2 3 3 0 0 2 -1.95039607485846e-02
2 3 3 0 1 1 5.36573330266888e-03
2 3 3 0 1 3 6.19231387038680e-03
2 3 3 0 2 0 9.75198037429228e-03
2 3 3 0 2 2 -7.88681353915987e-04
2 3 3 0 3 1 3.48065605973952e-04
2 3 3 0 3 3 -8.32646996265200e-05
2 3 3 1 0 1 5.36573330266888e-03
2 3 3 1 0 3 6.19231387038680e-03
2 3 3 1 1 0 -1.07314666053378e-02
2 3 3 1 1 2 -5.28592054702516e-03
2 3 3 1 2 1 2.64296027351258e-03
2 3 3 1 2 3 -9.49836692007920e-05
2 3 3 1 3 0 -6.54037947636075e-03
2 3 3 1 3 2 6.62614888631380e-04
2 3 3 2 0 0 9.75198037429228e-03
2 3 3 2 0 2 -7.88681353915987e-04
2 3 3 2 1 1 2.64296027351258e-03
2 3 3 2 1 3 -9.49836692007920e-05
2 3 3 2 2 0 1.57736270783197e-03
2 3 3 2 3 1 -5.67631219430588e-04
2 3 3 2 3 3 -1.21390038454472e-03
2 3 3 3 0 1 3.48065605973952e-04
2 3 3 3 0 3 -8.32646996265200e-05
2 3 3 3 1 0 -6.54037947636075e-03
2 3 3 3 1 2 6.62614888631380e-04
2 3 3 3 2 1 -5.67631219430588e-04
2 3 3 3 2 3 -1.21390038454472e-03
2 3 3 3 3 0 1.66529399253040e-04
2 3 3 3 3 2 2.42780076908944e-03
3 0 0 0 0 1 9.01433193485322e-02
3 0 0 0 0 3 1.07033979566882e-02
3 0 0 0 1 0 -4.50716596742661e-02
3 0 0 0 1 2 -9.75440910499804e-03
3 0 0 0 2 1 8.67539113315743e-03
3 0 0 0 2 3 -5.98785297966454e-03
3 0 0 0 3 0 -5.35169897834412e-03
3 0 0 0 3 2 6.98339167165755e-05
3 0 0 1 0 0 -4.50716596742661e-02
3 0 0 1 0 2 -9.75440910499804e-03
3 0 0 1 1 3 1.07194836280751e-02
3 0 0 1 2 0 1.07901797184061e-03
3 0 0 1 2 2 2.90807544435573e-03
3 0 0 1 3 1 -5.35974181403755e-03
3 0 0 1 3 3 2.89333765226548e-03
3 0 0 2 0 1 8.67539113315743e-03
3 0 0 2 0 3 -5.98785297966454e-03
3 0 0 2 1 0 1.07901797184061e-03
3 0 0 2 1 2 2.90807544435573e-03
3 0 0 2 2 1 -5.81615088871146e-03
3 0 0 2 2 3 -4.32159123619461e-03
3 0 0 2 3 0 5.91801906294797e-03
3 0 0 2 3 2 2.16079561809730e-03
3 0 0 3 0 0 -5.35169897834412e-03
3 0 0 3 0 2 6.98339167165755e-05
3 0 0 3 1 1 -5.35974181403755e-03
3 0 0 3 1 3 2.89333765226548e-03
3 0 0 3 2 0 5.91801906294797e-03
3 0 0 3 2 2 2.16079561809730e-03
3 0 0 3 3 1 -5.78667530453096e-03
3 0 1 0 0 2 -4.92826823587348e-02
3 0 1 0 1 1 -4.76290367654696e-02
3 0 1 0 1 3 8.18061330703192e-03
3 0 1 0 2 0 5.13079757115329e-02
3 0 1 0 2 2 9.75854963564005e-03
3 0 1 0 3 1 -1.19136566525018e-02
3 0 1 0 3 3 2.21682340297216e-03
3 0 1 1 0 1 1.02731770197916e-01
3 0 1 1 0 3 2.38273133050035e-02
3 0 1 1 1 0 -5.51027334324466e-02
3 0 1 1 1 2 -1.24435130743744e-02
3 0 1 1 2 1 1.14750050044607e-02
3 0 1 1 2 3 -6.74261568878250e-03
3 0 1 1 3 0 -2.25676589919087e-02
3 0 1 1 3 2 6.28277482610898e-04
3 0 1 2 0 0 -2.02529335279810e-03
3 0 1 2 0 2 -1.95170992712801e-02
3 0 1 2 1 1 9.68508069913661e-04
3 0 1 2 1 3 6.11433820617161e-03
3 0 1 2 2 0 9.75854963564004e-03
3 0 1 2 3 1 2.66153059940227e-04
3 0 1 2 3 3 3.48065605973952e-04
3 0 1 3 0 1 1.43870456848768e-02
3 0 1 3 0 3 -3.96099925571453e-03
3 0 1 3 1 0 -1.19136566525018e-02
3 0 1 3 1 2 6.47646262884229e-03
3 0 1 3 2 1 -6.74261568878251e-03
3 0 1 3 2 3 -6.54037947636075e-03
3 0 1 3 3 0 1.74417585274237e-03
3 0 1 3 3 2 6.19231387038680e-03
3 0 2 0 0 1 -2.48932537471567e-01
3 0 2 0 0 3 -5.98785297966454e-03
3 0 2 0 1 0 2.39016461833037e-01
3 0 2 0 1 2 -8.28689790543814e-03
3 0 2 0 2 1 8.62745159366947e-03
3 0 2 0 2 3 1.19875463510922e-02
3 0 2 0 3 0 5.91801906294797e-03
3 0 2 0 3 2 -1.07139069856095e-02
3 0 2 1 0 0 9.91607563852989e-03
3 0 2 1 0 2 -8.13201238461120e-04
3 0 2 1 1 3 4.67676353992368e-04
3 0 2 1 2 0 -3.40553688231326e-04
3 0 2 1 2 2 -5.68750772239645e-04
3 0 2 1 3 1 -2.33838176996184e-04
3 0 2 1 3 3 -6.00484470882063e-04
3 0 2 2 0 1 8.62745159366946e-03
3 0 2 2 0 3 2.14278139712190e-02
3 0 2 2 1 0 -7.81425035520834e-03
3 0 2 2 1 2 -1.39807719165276e-02
3 0 2 2 2 1 1.45495226887673e-02
3 0 2 2 2 3 -5.88233309864926e-04
3 0 2 2 3 0 -2.13679093250164e-02
3 0 2 2 3 2 4.75178866267801e-04
3 0 2 3 0 0 6.98339167165755e-05
3 0 2 3 0 2 9.38036297392420e-03
3 0 2 3 1 1 -2.33838176996184e-04
3 0 2 3 1 3 -1.46119501152504e-02
3 0 2 3 2 0 -1.07139069856095e-02
3 0 2 3 2 2 1.13054443597124e-04
3 0 2 3 3 1 1.52124345861325e-02
3 0 3 0 0 2 -7.88681353915987e-04
3 0 3 0 1 1 8.75119930360506e-02
3 0 3 0 1 3 2.21682340297216e-03
3 0 3 0 2 0 1.57736270783197e-03
3 0 3 0 2 2 -1.80771526909579e-02
3 0 3 0 3 1 1.74417585274237e-03
3 0 3 0 3 3 -4.15194931145184e-03
3 0 3 1 0 1 -1.75023986072101e-01
3 0 3 1 0 3 -3.96099925571453e-03
3 0 3 1 1 0 8.75119930360506e-02
3 0 3 1 1 2 -3.08271298677488e-03
3 0 3 1 2 1 6.16542597354977e-03
3 0 3 1 2 3 1.17499088174640e-02
3 0 3 1 3 0 1.74417585274237e-03
3 0 3 1 3 2 -4.58240870312690e-04
3 0 3 2 0 0 -7.88681353915987e-04
3 0 3 2 0 2 3.61543053819159e-02
3 0 3 2 1 1 -3.08271298677488e-03
3 0 3 2 1 3 -1.12916679471513e-02
3 0 3 2 2 0 -1.80771526909579e-02
3 0 3 2 3 1 -4.58240870312690e-04
3 0 3 2 3 3 -8.32646996265200e-05
3 0 3 3 0 1 -3.96099925571453e-03
3 0 3 3 0 3 8.30389862290368e-03
3 0 3 3 1 0 2.21682340297216e-03
3 0 3 3 1 2 -1.12916679471513e-02
3 0 3 3 2 1 1.17499088174640e-02
3 0 3 3 2 3 1.66529399253040e-04
3 0 3 3 3 0 -4.15194931145184e-03
3 0 3 3 3 2 -8.32646996265200e-05
3 1 0 0 0 2 -4.92826823587348e-02
3 1 0 0 1 1 1.02731770197916e-01
3 1 0 0 1 3 2.38273133050035e-02
3 1 0 0 2 0 -2.02529335279810e-03
3 1 0 0 2 2 -1.95170992712801e-02
3 1 0 0 3 1 1.43870456848768e-02
3 1 0 0 3 3 -3.96099925571453e-03
3 1 0 1 0 1 -4.76290367654696e-02
3 1 0 1 0 3 8.18061330703192e-03
3 1 0 1 1 0 -5.51027334324466e-02
3 1 0 1 1 2 -1.24435130743744e-02
3 1 0 1 2 1 9.68508069913661e-04
3 1 0 1 2 3 6.11433820617161e-03
3 1 0 1 3 0 -1.19136566525018e-02
3 1 0 1 3 2 6.47646262884229e-03
3 1 0 2 0 0 5.13079757115329e-02
3 1 0 2 0 2 9.75854963564005e-03
3 1 0 2 1 1 1.14750050044607e-02
3 1 0 2 1 3 -6.74261568878250e-03
3 1 0 2 2 0 9.75854963564004e-03
3 1 0 2 3 1 -6.74261568878251e-03
3 1 0 2 3 3 -6.54037947636075e-03
3 1 0 3 0 1 -1.19136566525018e-02
3 1 0 3 0 3 2.21682340297216e-03
3 1 0 3 1 0 -2.25676589919087e-02
3 1 0 3 1 2 6.28277482610898e-04
3 1 0 3 2 1 2.66153059940227e-04
3 1 0 3 2 3 3.48065605973952e-04
3 1 0 3 3 0 1.74417585274237e-03
3 1 0 3 3 2 6.19231387038680e-03
3 1 1 0 0 1 -5.78667530453096e-03
3 1 1 0 0 3 1.07194836280751e-02
3 1 1 0 1 0 2.89333765226548e-03
3 1 1 0 1 2 -1.46119501152504e-02
3 1 1 0 2 1 1.52124345861325e-02
3 1 1 0 2 3 4.67676353992368e-04
3 1 1 0 3 0 -5.35974181403755e-03
3 1 1 0 3 2 -2.33838176996184e-04
3 1 1 1 0 0 2.89333765226548e-03
3 1 1 1 0 2 -1.46119501152504e-02
3 1 1 1 1 3 1.38640963302605e-02
3 1 1 1 2 0 -6.00484470882065e-04
3 1 1 1 2 2 1.79157841401985e-04
3 1 1 1 3 1 -6.93204816513023e-03
3 1 1 2 0 1 1.52124345861325e-02
3 1 1 2 0 3 4.67676353992368e-04
3 1 1 2 1 0 -6.00484470882065e-04
3 1 1 2 1 2 1.79157841401985e-04
3 1 1 2 2 1 -3.58315682803970e-04
3 1 1 2 2 3 -5.78277982991337e-03
3 1 1 2 3 0 -2.33838176996184e-04
3 1 1 2 3 2 2.89138991495668e-03
3 1 1 3 0 0 -5.35974181403755e-03
3 1 1 3 0 2 -2.33838176996184e-04
3 1 1 3 1 1 -6.93204816513023e-03
3 1 1 3 2 0 -2.33838176996184e-04
3 1 1 3 2 2 2.89138991495668e-03
3 1 2 0 0 2 6.04257400295630e-04
3 1 2 0 1 1 -2.48928461154084e-01
3 1 2 0 1 3 -6.74261568878250e-03
3 1 2 0 2 0 6.04257400295630e-04
3 1 2 0 2 2 5.13079757115329e-02
3 1 2 0 3 1 -6.74261568878251e-03
3 1 2 0 3 3 1.17499088174640e-02
3 1 2 1 0 1 2.39014423674296e-01
3 1 2 1 0 3 6.11433820617161e-03
3 1 2 1 1 0 9.91403747978844e-03
3 1 2 1 1 2 -1.48804563667632e-04
3 1 2 1 2 1 -7.62250123064465e-03
3 1 2 1 2 3 -2.13646515921866e-02
3 1 2 1 3 0 2.66153059940227e-04
3 1 2 1 3 2 -1.07106492527797e-02
3 1 2 2 0 0 -1.20851480059126e-03
3 1 2 2 0 2 -4.92826823587349e-02
3 1 2 2 1 1 7.77130579431228e-03
3 1 2 2 1 3 2.14212985055594e-02
3 1 2 2 2 0 -2.02529335279809e-03
3 1 2 2 3 1 1.19810308854327e-02
3 1 2 2 3 3 6.62614888631380e-04
3 1 2 3 0 1 6.47646262884229e-03
3 1 2 3 0 3 -1.12916679471513e-02
3 1 2 3 1 0 6.28277482610898e-04
3 1 2 3 1 2 9.38362070675397e-03
3 1 2 3 2 1 -1.07106492527797e-02
3 1 2 3 2 3 -5.67631219430588e-04
3 1 2 3 3 0 -4.58240870312690e-04
3 1 2 3 3 2 -9.49836692007920e-05
3 1 3 0 0 1 1.13345380994356e-01
3 1 3 0 0 3 2.89333765226548e-03
3 1 3 0 1 0 -2.26690761988713e-01
3 1 3 0 1 2 7.39509007580250e-03
3 1 3 0 2 1 -3.69754503790125e-03
3 1 3 0 2 3 -6.00484470882063e-04
3 1 3 0 3 0 -5.78667530453096e-03
3 1 3 0 3 2 1.52124345861325e-02
3 1 3 1 0 0 1.13345380994356e-01
3 1 3 1 0 2 -3.69754503790125e-03
3 1 3 1 2 0 -3.69754503790125e-03
3 1 3 1 2 2 -6.63547832351988e-03
3 1 3 1 3 3 -6.93204816513023e-03
3 1 3 2 0 1 -3.69754503790125e-03
3 1 3 2 0 3 -1.46119501152504e-02
3 1 3 2 1 0 7.39509007580250e-03
3 1 3 2 1 2 1.32709566470398e-02
3 1 3 2 2 1 -6.63547832351988e-03
3 1 3 2 2 3 1.79157841401985e-04
3 1 3 2 3 0 1.52124345861325e-02
3 1 3 2 3 2 -3.58315682803971e-04
3 1 3 3 0 0 2.89333765226548e-03
3 1 3 3 0 2 -1.46119501152504e-02
3 1 3 3 1 3 1.38640963302605e-02
3 1 3 3 2 0 -6.00484470882063e-04
3 1 3 3 2 2 1.79157841401985e-04
3 1 3 3 3 1 -6.93204816513023e-03
3 2 0 0 0 1 -2.48932537471567e-01
3 2 0 0 0 3 -5.98785297966454e-03
3 2 0 0 1 0 9.91607563852989e-03
3 2 0 0 1 2 -8.13201238461120e-04
3 2 0 0 2 1 8.62745159366946e-03
3 2 0 0 2 3 2.14278139712190e-02
3 2 0 0 3 0 6.98339167165755e-05
3 2 0 0 3 2 9.38036297392420e-03
3 2 0 1 0 0 2.39016461833037e-01
3 2 0 1 0 2 -8.28689790543814e-03
3 2 0 1 1 3 4.67676353992368e-04
3 2 0 1 2 0 -7.81425035520834e-03
3 2 0 1 2 2 -1.39807719165276e-02
3 2 0 1 3 1 -2.33838176996184e-04
3 2 0 1 3 3 -1.46119501152504e-02
3 2 0 2 0 1 8.62745159366947e-03
3 2 0 2 0 3 1.19875463510922e-02
3 2 0 2 1 0 -3.40553688231326e-04
3 2 0 2 1 2 -5.68750772239645e-04
3 2 0 2 2 1 1.45495226887673e-02
3 2 0 2 2 3 -5.88233309864926e-04
3 2 0 2 3 0 -1.07139069856095e-02
3 2 0 2 3 2 1.13054443597124e-04
3 2 0 3 0 0 5.91801906294797e-03
3 2 0 3 0 2 -1.07139069856095e-02
3 2 0 3 1 1 -2.33838176996184e-04
3 2 0 3 1 3 -6.00484470882063e-04
3 2 0 3 2 0 -2.13679093250164e-02
3 2 0 3 2 2 4.75178866267801e-04
3 2 0 3 3 1 1.52124345861325e-02
3 2 1 0 0 2 6.04257400295630e-04
3 2 1 0 1 1 2.39014423674296e-01
3 2 1 0 1 3 6.11433820617161e-03
3 2 1 0 2 0 -1.20851480059126e-03
3 2 1 0 2 2 -4.92826823587349e-02
3 2 1 0 3 1 6.47646262884229e-03
3 2 1 0 3 3 -1.12916679471513e-02
3 2 1 1 0 1 -2.48928461154084e-01
3 2 1 1 0 3 -6.74261568878250e-03
3 2 1 1 1 0 9.91403747978844e-03
3 2 1 1 1 2 -1.48804563667632e-04
3 2 1 1 2 1 7.77130579431228e-03
3 2 1 1 2 3 2.14212985055594e-02
3 2 1 1 3 0 6.28277482610898e-04
3 2 1 1 3 2 9.38362070675397e-03
3 2 1 2 0 0 6.04257400295630e-04
3 2 1 2 0 2 5.13079757115329e-02
3 2 1 2 1 1 -7.62250123064465e-03
3 2 1 2 1 3 -2.13646515921866e-02
3 2 1 2 2 0 -2.02529335279809e-03
3 2 1 2 3 1 -1.07106492527797e-02
3 2 1 2 3 3 -5.67631219430588e-04
3 2 1 3 0 1 -6.74261568878251e-03
3 2 1 3 0 3 1.17499088174640e-02
3 2 1 3 1 0 2.66153059940227e-04
3 2 1 3 1 2 -1.07106492527797e-02
3 2 1 3 2 1 1.19810308854327e-02
3 2 1 3 2 3 6.62614888631380e-04
3 2 1 3 3 0 -4.58240870312690e-04
3 2 1 3 3 2 -9.49836692007920e-05
3 2 2 0 0 1 8.27244139600425e-03
3 2 2 0 0 3 -4.32159123619461e-03
3 2 2 0 1 0 -4.13622069800213e-03
3 2 2 0 1 2 6.19027571164546e-03
3 2 2 0 2 1 -6.53630315887807e-03
3 2 2 0 2 3 -5.88233309864926e-04
3 2 2 0 3 0 2.16079561809730e-03
3 2 2 0 3 2 1.13054443597124e-04
3 2 2 1 0 0 -4.13622069800213e-03
3 2 2 1 0 2 6.19027571164546e-03
3 2 2 1 1 3 -5.78277982991337e-03
3 2 2 1 2 0 3.46027447232610e-04
3 2 2 1 2 2 9.67654553628992e-05
3 2 2 1 3 1 2.89138991495668e-03
3 2 2 1 3 3 1.79157841401985e-04
3 2 2 2 0 1 -6.53630315887807e-03
3 2 2 2 0 3 -5.88233309864926e-04
3 2 2 2 1 0 3.46027447232610e-04
3 2 2 2 1 2 9.67654553628992e-05
3 2 2 2 2 1 -1.93530910725798e-04
3 2 2 2 2 3 2.42128530342991e-03
3 2 2 2 3 0 4.75178866267801e-04
3 2 2 2 3 2 -1.21064265171495e-03
3 2 2 3 0 0 2.16079561809730e-03
3 2 2 3 0 2 1.13054443597124e-04
3 2 2 3 1 1 2.89138991495668e-03
3 2 2 3 1 3 1.79157841401985e-04
3 2 2 3 2 0 4.75178866267801e-04
3 2 2 3 2 2 -1.21064265171495e-03
3 2 2 3 3 1 -3.58315682803971e-04
3 2 3 0 0 2 9.75198037429228e-03
3 2 3 0 1 1 5.36573330266888e-03
3 2 3 0 1 3 3.48065605973952e-04
3 2 3 0 2 0 -1.95039607485846e-02
3 2 3 0 2 2 -7.88681353915987e-04
3 2 3 0 3 1 6.19231387038680e-03
3 2 3 0 3 3 -8.32646996265200e-05
3 2 3 1 0 1 -1.07314666053378e-02
3 2 3 1 0 3 -6.54037947636075e-03
3 2 3 1 1 0 5.36573330266888e-03
3 2 3 1 1 2 2.64296027351258e-03
3 2 3 1 2 1 -5.28592054702516e-03
3 2 3 1 2 3 6.62614888631380e-04
3 2 3 1 3 0 6.19231387038680e-03
3 2 3 1 3 2 -9.49836692007920e-05
3 2 3 2 0 0 9.75198037429228e-03
3 2 3 2 0 2 1.57736270783197e-03
3 2 3 2 1 1 2.64296027351258e-03
3 2 3 2 1 3 -5.67631219430588e-04
3 2 3 2 2 0 -7.88681353915987e-04
3 2 3 2 3 1 -9.49836692007920e-05
3 2 3 2 3 3 -1.21390038454472e-03
3 2 3 3 0 1 -6.54037947636075e-03
3 2 3 3 0 3 1.66529399253040e-04
3 2 3 3 1 0 3.48065605973952e-04
3 2 3 3 1 2 -5.67631219430588e-04
3 2 3 3 2 1 6.62614888631380e-04
3 2 3 3 2 3 2.42780076908944e-03
3 2 3 3 3 0 -8.32646996265200e-05
3 2 3 3 3 2 -1.21390038454472e-03
3 3 0 0 0 2 -7.88681353915987e-04
3 3 0 0 1 1 -1.75023986072101e-01
3 3 0 0 1 3 -3.96099925571453e-03
3 3 0 0 2 0 -7.88681353915987e-04
3 3 0 0 2 2 3.61543053819159e-02
3 3 0 0 3 1 -3.96099925571453e-03
3 3 0 0 3 3 8.30389862290368e-03
3 3 0 1 0 1 8.75119930360506e-02
3 3 0 1 0 3 2.21682340297216e-03
3 3 0 1 1 0 8.75119930360506e-02
3 3 0 1 1 2 -3.08271298677488e-03
3 3 0 1 2 1 -3.08271298677488e-03
3 3 0 1 2 3 -1.12916679471513e-02
3 3 0 1 3 0 2.21682340297216e-03
3 3 0 1 3 2 -1.12916679471513e-02
3 3 0 2 0 0 1.57736270783197e-03
3 3 0 2 0 2 -1.80771526909579e-02
3 3 0 2 1 1 6.16542597354977e-03
3 3 0 2 1 3 1.17499088174640e-02
3 3 0 2 2 0 -1.80771526909579e-02
3 3 0 2 3 1 1.17499088174640e-02
3 3 0 2 3 3 1.66529399253040e-04
3 3 0 3 0 1 1.74417585274237e-03
3 3 0 3 0 3 -4.15194931145184e-03
3 3 0 3 1 0 1.74417585274237e-03
3 3 0 3 1 2 -4.58240870312690e-04
3 3 0 3 2 1 -4.58240870312690e-04
3 3 0 3 2 3 -8.32646996265200e-05
3 3 0 3 3 0 -4.15194931145184e-03
3 3 0 3 3 2 -8.32646996265200e-05
3 3 1 0 0 1 1.13345380994356e-01
3 3 1 0 0 3 2.89333765226548e-03
3 3 1 0 1 0 1.13345380994356e-01
3 3 1 0 1 2 -3.69754503790125e-03
3 3 1 0 2 1 -3.69754503790125e-03
3 3 1 0 2 3 -1.46119501152504e-02
3 3 1 0 3 0 2.89333765226548e-03
3 3 1 0 3 2 -1.46119501152504e-02
3 3 1 1 0 0 -2.26690761988713e-01
3 3 1 1 0 2 7.39509007580250e-03
3 3 1 1 2 0 7.39509007580250e-03
3 3 1 1 2 2 1.32709566470398e-02
3 3 1 1 3 3 1.38640963302605e-02
3 3 1 2 0 1 -3.69754503790125e-03
3 3 1 2 0 3 -6.00484470882063e-04
3 3 1 2 1 0 -3.69754503790125e-03
3 3 1 2 1 2 -6.63547832351988e-03
3 3 1 2 2 1 -6.63547832351988e-03
3 3 1 2 2 3 1.79157841401985e-04
3 3 1 2 3 0 -6.00484470882063e-04
3 3 1 2 3 2 1.79157841401985e-04
3 3 1 3 0 0 -5.78667530453096e-03
3 3 1 3 0 2 1.52124345861325e-02
3 3 1 3 1 3 -6.93204816513023e-03
3 3 1 3 2 0 1.52124345861325e-02
3 3 1 3 2 2 -3.58315682803971e-04
3 3 1 3 3 1 -6.93204816513023e-03
3 3 2 0 0 2 9.75198037429228e-03
3 3 2 0 1 1 -1.07314666053378e-02
3 3 2 0 1 3 -6.54037947636075e-03
3 3 2 0 2 0 9.75198037429228e-03
3 3 2 0 2 2 1.57736270783197e-03
3 3 2 0 3 1 -6.54037947636075e-03
3 3 2 0 3 3 1.66529399253040e-04
3 3 2 1 0 1 5.36573330266888e-03
3 3 2 1 0 3 3.48065605973952e-04
3 3 2 1 1 0 5.36573330266888e-03
3 3 2 1 1 2 2.64296027351258e-03
3 3 2 1 2 1 2.64296027351258e-03
3 3 2 1 2 3 -5.67631219430588e-04
3 3 2 1 3 0 3.48065605973952e-04
3 3 2 1 3 2 -5.67631219430588e-04
3 3 2 2 0 0 -1.95039607485846e-02
3 3 2 2 0 2 -7.88681353915987e-04
3 3 2 2 1 1 -5.28592054702516e-03
3 3 2 2 1 3 6.62614888631380e-04
3 3 2 2 2 0 -7.88681353915987e-04
3 3 2 2 3 1 6.62614888631380e-04
3 3 2 2 3 3 2.42780076908944e-03
3 3 2 3 0 1 6.19231387038680e-03
3 3 2 3 0 3 -8.32646996265200e-05
3 3 2 3 1 0 6.19231387038680e-03
3 3 2 3 1 2 -9.49836692007920e-05
3 3 2 3 2 1 -9.49836692007920e-05
3 3 2 3 2 3 -1.21390038454472e-03
3 3 2 3 3 0 -8.32646996265200e-05
3 3 2 3 3 2 -1.21390038454472e-03
