4
0 0 0 0 9.69358349797715e-01
0 0 0 1 0.00000000000000e+00
0 0 0 2 -3.33134621671912e-02
0 0 0 3 0.00000000000000e+00
0 0 1 0 0.00000000000000e+00
0 0 1 1 1.38698273446266e-02
0 0 1 2 0.00000000000000e+00
0 0 1 3 1.14454012598492e-03
0 0 2 0 -3.33134621671912e-02
0 0 2 1 0.00000000000000e+00
0 0 2 2 -5.52911041275330e-02
0 0 2 3 0.00000000000000e+00
0 0 3 0 0.00000000000000e+00
0 0 3 1 1.14454012598492e-03
0 0 3 2 0.00000000000000e+00
0 0 3 3 -6.15486806843243e-02
0 1 0 0 0.00000000000000e+00
0 1 0 1 -9.23546585481485e-01
0 1 0 2 0.00000000000000e+00
0 1 0 3 -2.64429550147372e-02
0 1 1 0 1.86718744092250e+00
0 1 1 1 0.00000000000000e+00
0 1 1 2 -6.02902244064869e-02
0 1 1 3 0.00000000000000e+00
0 1 2 0 0.00000000000000e+00
0 1 2 1 3.15166273841336e-02
0 1 2 2 0.00000000000000e+00
0 1 2 3 5.13105154288113e-03
0 1 3 0 4.93853854711008e-02
0 1 3 1 0.00000000000000e+00
0 1 3 2 -1.27734420315222e-01
0 1 3 3 0.00000000000000e+00
0 2 0 0 -3.33134621671912e-02
0 2 0 1 0.00000000000000e+00
0 2 0 2 -3.24519601645494e-02
0 2 0 3 0.00000000000000e+00
0 2 1 0 0.00000000000000e+00
0 2 1 1 -6.11855722276499e-03
0 2 1 2 0.00000000000000e+00
0 2 1 3 -1.31288891184007e-03
0 2 2 0 9.05519398227088e-02
0 2 2 1 0.00000000000000e+00
0 2 2 2 1.52432839156537e-03
0 2 2 3 0.00000000000000e+00
0 2 3 0 0.00000000000000e+00
0 2 3 1 -3.19473162369926e-02
0 2 3 2 0.00000000000000e+00
0 2 3 3 1.45443184199263e-03
0 3 0 0 0.00000000000000e+00
0 3 0 1 -2.64429550147372e-02
0 3 0 2 0.00000000000000e+00
0 3 0 3 -1.33598041516802e-02
0 3 1 0 4.93853854711008e-02
0 3 1 1 0.00000000000000e+00
0 3 1 2 1.16124569109624e-02
0 3 1 3 0.00000000000000e+00
0 3 2 0 0.00000000000000e+00
0 3 2 1 -1.18675905107628e-02
0 3 2 2 0.00000000000000e+00
0 3 2 3 2.72506391492187e-04
0 3 3 0 1.60656059639536e-02
0 3 3 1 0.00000000000000e+00
0 3 3 2 -3.28804314476473e-03
0 3 3 3 0.00000000000000e+00
1 0 0 0 0.00000000000000e+00
1 0 0 1 1.86718744092250e+00
1 0 0 2 0.00000000000000e+00
1 0 0 3 4.93853854711008e-02
1 0 1 0 -9.23546585481485e-01
1 0 1 1 0.00000000000000e+00
1 0 1 2 3.15166273841336e-02
1 0 1 3 0.00000000000000e+00
1 0 2 0 0.00000000000000e+00
1 0 2 1 -6.02902244064869e-02
1 0 2 2 0.00000000000000e+00
1 0 2 3 -1.27734420315222e-01
1 0 3 0 -2.64429550147372e-02
1 0 3 1 0.00000000000000e+00
1 0 3 2 5.13105154288113e-03
1 0 3 3 0.00000000000000e+00
1 1 0 0 1.38698273446266e-02
1 1 0 1 0.00000000000000e+00
1 1 0 2 -6.11855722276499e-03
1 1 0 3 0.00000000000000e+00
1 1 1 0 0.00000000000000e+00
1 1 1 1 9.35264847187655e-01
1 1 1 2 0.00000000000000e+00
1 1 1 3 2.76257689980571e-02
1 1 2 0 -6.11855722276499e-03
1 1 2 1 0.00000000000000e+00
1 1 2 2 -1.92589394611387e-01
1 1 2 3 0.00000000000000e+00
1 1 3 0 0.00000000000000e+00
1 1 3 1 2.76257689980571e-02
1 1 3 2 0.00000000000000e+00
1 1 3 3 -4.50774766547816e-02
1 2 0 0 0.00000000000000e+00
1 2 0 1 -6.02902244064869e-02
1 2 0 2 0.00000000000000e+00
1 2 0 3 1.16124569109624e-02
1 2 1 0 3.15166273841336e-02
1 2 1 1 0.00000000000000e+00
1 2 1 2 -1.48442567661825e-02
1 2 1 3 0.00000000000000e+00
1 2 2 0 0.00000000000000e+00
1 2 2 1 1.90345111929580e-02
1 2 2 2 0.00000000000000e+00
1 2 2 3 4.21696034147183e-03
1 2 3 0 -1.18675905107628e-02
1 2 3 1 0.00000000000000e+00
1 2 3 2 -3.58217891549110e-04
1 2 3 3 0.00000000000000e+00
1 3 0 0 1.14454012598492e-03
1 3 0 1 0.00000000000000e+00
1 3 0 2 -1.31288891184007e-03
1 3 0 3 0.00000000000000e+00
1 3 1 0 0.00000000000000e+00
1 3 1 1 2.76257689980571e-02
1 3 1 2 0.00000000000000e+00
1 3 1 3 3.12599506001225e-03
1 3 2 0 -3.19473162369926e-02
1 3 2 1 0.00000000000000e+00
1 3 2 2 -4.78969589711903e-03
1 3 2 3 0.00000000000000e+00
1 3 3 0 0.00000000000000e+00
1 3 3 1 1.82442011177710e-02
1 3 3 2 0.00000000000000e+00
1 3 3 3 -8.24596091770788e-04
2 0 0 0 -3.33134621671912e-02
2 0 0 1 0.00000000000000e+00
2 0 0 2 9.05519398227088e-02
2 0 0 3 0.00000000000000e+00
2 0 1 0 0.00000000000000e+00
2 0 1 1 -6.11855722276499e-03
2 0 1 2 0.00000000000000e+00
2 0 1 3 -3.19473162369926e-02
2 0 2 0 -3.24519601645494e-02
2 0 2 1 0.00000000000000e+00
2 0 2 2 1.52432839156537e-03
2 0 2 3 0.00000000000000e+00
2 0 3 0 0.00000000000000e+00
2 0 3 1 -1.31288891184007e-03
2 0 3 2 0.00000000000000e+00
2 0 3 3 1.45443184199263e-03
2 1 0 0 0.00000000000000e+00
2 1 0 1 3.15166273841336e-02
2 1 0 2 0.00000000000000e+00
2 1 0 3 -1.18675905107628e-02
2 1 1 0 -6.02902244064869e-02
2 1 1 1 0.00000000000000e+00
2 1 1 2 1.90345111929580e-02
2 1 1 3 0.00000000000000e+00
2 1 2 0 0.00000000000000e+00
2 1 2 1 -1.48442567661825e-02
2 1 2 2 0.00000000000000e+00
2 1 2 3 -3.58217891549110e-04
2 1 3 0 1.16124569109624e-02
2 1 3 1 0.00000000000000e+00
2 1 3 2 4.21696034147183e-03
2 1 3 3 0.00000000000000e+00
2 2 0 0 -5.52911041275330e-02
2 2 0 1 0.00000000000000e+00
2 2 0 2 1.52432839156537e-03
2 2 0 3 0.00000000000000e+00
2 2 1 0 0.00000000000000e+00
2 2 1 1 -1.92589394611387e-01
2 2 1 2 0.00000000000000e+00
2 2 1 3 -4.78969589711903e-03
2 2 2 0 1.52432839156537e-03
2 2 2 1 0.00000000000000e+00
2 2 2 2 4.32113567696273e-02
2 2 2 3 0.00000000000000e+00
2 2 3 0 0.00000000000000e+00
2 2 3 1 -4.78969589711903e-03
2 2 3 2 0.00000000000000e+00
2 2 3 3 1.23563155072389e-02
2 3 0 0 0.00000000000000e+00
2 3 0 1 5.13105154288113e-03
2 3 0 2 0.00000000000000e+00
2 3 0 3 2.72506391492187e-04
2 3 1 0 -1.27734420315222e-01
2 3 1 1 0.00000000000000e+00
2 3 1 2 4.21696034147183e-03
2 3 1 3 0.00000000000000e+00
2 3 2 0 0.00000000000000e+00
2 3 2 1 -3.58217891549110e-04
2 3 2 2 0.00000000000000e+00
2 3 2 3 4.08486016110463e-03
2 3 3 0 -3.28804314476473e-03
2 3 3 1 0.00000000000000e+00
2 3 3 2 1.19245496373244e-02
2 3 3 3 0.00000000000000e+00
3 0 0 0 0.00000000000000e+00
3 0 0 1 4.93853854711008e-02
3 0 0 2 0.00000000000000e+00
3 0 0 3 1.60656059639536e-02
3 0 1 0 -2.64429550147372e-02
3 0 1 1 0.00000000000000e+00
3 0 1 2 -1.18675905107628e-02
3 0 1 3 0.00000000000000e+00
3 0 2 0 0.00000000000000e+00
3 0 2 1 1.16124569109624e-02
3 0 2 2 0.00000000000000e+00
3 0 2 3 -3.28804314476473e-03
3 0 3 0 -1.33598041516802e-02
3 0 3 1 0.00000000000000e+00
3 0 3 2 2.72506391492187e-04
3 0 3 3 0.00000000000000e+00
3 1 0 0 1.14454012598492e-03
3 1 0 1 0.00000000000000e+00
3 1 0 2 -3.19473162369926e-02
3 1 0 3 0.00000000000000e+00
3 1 1 0 0.00000000000000e+00
3 1 1 1 2.76257689980571e-02
3 1 1 2 0.00000000000000e+00
3 1 1 3 1.82442011177710e-02
3 1 2 0 -1.31288891184007e-03
3 1 2 1 0.00000000000000e+00
3 1 2 2 -4.78969589711903e-03
3 1 2 3 0.00000000000000e+00
3 1 3 0 0.00000000000000e+00
3 1 3 1 3.12599506001225e-03
3 1 3 2 0.00000000000000e+00
3 1 3 3 -8.24596091770788e-04
3 2 0 0 0.00000000000000e+00
3 2 0 1 -1.27734420315222e-01
3 2 0 2 0.00000000000000e+00
3 2 0 3 -3.28804314476473e-03
3 2 1 0 5.13105154288113e-03
3 2 1 1 0.00000000000000e+00
3 2 1 2 -3.58217891549110e-04
3 2 1 3 0.00000000000000e+00
3 2 2 0 0.00000000000000e+00
3 2 2 1 4.21696034147183e-03
3 2 2 2 0.00000000000000e+00
3 2 2 3 1.19245496373244e-02
3 2 3 0 2.72506391492187e-04
3 2 3 1 0.00000000000000e+00
3 2 3 2 4.08486016110463e-03
3 2 3 3 0.00000000000000e+00
3 3 0 0 -6.15486806843243e-02
3 3 0 1 0.00000000000000e+00
3 3 0 2 1.45443184199263e-03
3 3 0 3 0.00000000000000e+00
3 3 1 0 0.00000000000000e+00
3 3 1 1 -4.50774766547816e-02
3 3 1 2 0.00000000000000e+00
3 3 1 3 -8.24596091770788e-04
3 3 2 0 1.45443184199263e-03
3 3 2 1 0.00000000000000e+00
3 3 2 2 1.23563155072389e-02
3 3 2 3 0.00000000000000e+00
3 3 3 0 0.00000000000000e+00
3 3 3 1 -8.24596091770788e-04
3 3 3 2 0.00000000000000e+00
3 3 3 3 6.14894893056340e-03
