4
0 0 1 0 0 1 -1.86650737638512e-01
0 0 1 0 0 3 2.39137066952234e-02
0 0 1 0 1 0 -1.86650737638512e-01
0 0 1 0 1 2 -6.82109262124441e-02
0 0 1 0 2 1 -6.82109262124441e-02
0 0 1 0 2 3 -1.03135620080953e-02
0 0 1 0 3 0 2.39137066952234e-02
0 0 1 0 3 2 -1.03135620080953e-02
0 0 1 1 0 0 3.73301475277024e-01
0 0 1 1 0 2 1.91152356313201e-01
0 0 1 1 1 3 1.66685392614496e-02
0 0 1 1 2 0 1.91152356313201e-01
0 0 1 1 2 2 -9.55600264459905e-02
0 0 1 1 3 1 1.66685392614496e-02
0 0 1 1 3 3 2.50031017128087e-02
0 0 1 2 0 1 -1.22941430100757e-01
0 0 1 2 0 3 -5.13619206569428e-02
0 0 1 2 1 0 -1.22941430100757e-01
0 0 1 2 1 2 4.77800132229952e-02
0 0 1 2 2 1 4.77800132229952e-02
0 0 1 2 2 3 -3.92638500034206e-03
0 0 1 2 3 0 -5.13619206569428e-02
0 0 1 2 3 2 -3.92638500034206e-03
0 0 1 3 0 0 -4.78274133904469e-02
0 0 1 3 0 2 6.16754826650381e-02
0 0 1 3 1 1 -3.33370785228993e-02
0 0 1 3 1 3 -1.25015508564043e-02
0 0 1 3 2 0 6.16754826650381e-02
0 0 1 3 2 2 7.85277000068412e-03
0 0 1 3 3 1 -1.25015508564043e-02
0 0 2 0 0 2 -9.02997975409541e-01
0 0 2 0 1 1 1.03953583926739e+00
0 0 2 0 1 3 2.54103758604179e-01
0 0 2 0 2 0 -9.02997975409541e-01
0 0 2 0 3 1 2.54103758604179e-01
0 0 2 0 3 3 2.10085227566037e-02
0 0 2 1 0 1 -5.19767919633694e-01
0 0 2 1 0 3 -2.02290327221423e-01
0 0 2 1 1 0 -5.19767919633694e-01
0 0 2 1 1 2 2.43272520202882e-01
0 0 2 1 2 1 2.43272520202882e-01
0 0 2 1 2 3 5.10894179135660e-02
0 0 2 1 3 0 -2.02290327221423e-01
0 0 2 1 3 2 5.10894179135660e-02
0 0 2 2 0 0 1.80599595081908e+00
0 0 2 2 1 1 -4.86545040405763e-01
0 0 2 2 1 3 -1.02178835827132e-01
0 0 2 2 3 1 -1.02178835827132e-01
0 0 2 2 3 3 -9.82255519474531e-02
0 0 2 3 0 1 -5.18134313827558e-02
0 0 2 3 0 3 -1.05042613783018e-02
0 0 2 3 1 0 -5.18134313827558e-02
0 0 2 3 1 2 5.10894179135660e-02
0 0 2 3 2 1 5.10894179135660e-02
0 0 2 3 2 3 4.91127759737266e-02
0 0 2 3 3 0 -1.05042613783018e-02
0 0 2 3 3 2 4.91127759737266e-02
0 0 3 0 0 1 2.39137066952234e-02
0 0 3 0 0 3 -1.55567025864295e-01
0 0 3 0 1 0 2.39137066952234e-02
0 0 3 0 1 2 2.29500081374901e-01
0 0 3 0 2 1 2.29500081374901e-01
0 0 3 0 2 3 2.09458624314930e-02
0 0 3 0 3 0 -1.55567025864295e-01
0 0 3 0 3 2 2.09458624314930e-02
0 0 3 1 0 0 -4.78274133904469e-02
0 0 3 1 0 2 -4.28908265736747e-01
0 0 3 1 1 3 9.16468753580630e-03
0 0 3 1 2 0 -4.28908265736747e-01
0 0 3 1 2 2 1.97396484455910e-01
0 0 3 1 3 1 9.16468753580630e-03
0 0 3 1 3 3 -3.33370785228993e-02
0 0 3 2 0 1 1.99408184361845e-01
0 0 3 2 0 3 7.56763663198059e-02
0 0 3 2 1 0 1.99408184361845e-01
0 0 3 2 1 2 -9.86982422279548e-02
0 0 3 2 2 1 -9.86982422279548e-02
0 0 3 2 2 3 -2.84033383236395e-02
0 0 3 2 3 0 7.56763663198059e-02
0 0 3 2 3 2 -2.84033383236395e-02
0 0 3 3 0 0 3.11134051728591e-01
0 0 3 3 0 2 -9.66222287512989e-02
0 0 3 3 1 1 -1.83293750716126e-02
0 0 3 3 1 3 1.66685392614496e-02
0 0 3 3 2 0 -9.66222287512989e-02
0 0 3 3 2 2 5.68066766472791e-02
0 0 3 3 3 1 1.66685392614496e-02
0 1 0 0 0 1 -1.86650737638512e-01
0 1 0 0 0 3 2.39137066952234e-02
0 1 0 0 1 0 3.73301475277024e-01
0 1 0 0 1 2 1.91152356313201e-01
0 1 0 0 2 1 -1.22941430100757e-01
0 1 0 0 2 3 -5.13619206569428e-02
0 1 0 0 3 0 -4.78274133904469e-02
0 1 0 0 3 2 6.16754826650381e-02
0 1 0 1 0 0 -1.86650737638512e-01
0 1 0 1 0 2 -6.82109262124441e-02
0 1 0 1 1 3 1.66685392614496e-02
0 1 0 1 2 0 -1.22941430100757e-01
0 1 0 1 2 2 4.77800132229952e-02
0 1 0 1 3 1 -3.33370785228993e-02
0 1 0 1 3 3 -1.25015508564043e-02
0 1 0 2 0 1 -6.82109262124441e-02
0 1 0 2 0 3 -1.03135620080953e-02
0 1 0 2 1 0 1.91152356313201e-01
0 1 0 2 1 2 -9.55600264459905e-02
0 1 0 2 2 1 4.77800132229952e-02
0 1 0 2 2 3 -3.92638500034206e-03
0 1 0 2 3 0 6.16754826650381e-02
0 1 0 2 3 2 7.85277000068412e-03
0 1 0 3 0 0 2.39137066952234e-02
0 1 0 3 0 2 -1.03135620080953e-02
0 1 0 3 1 1 1.66685392614496e-02
0 1 0 3 1 3 2.50031017128087e-02
0 1 0 3 2 0 -5.13619206569428e-02
0 1 0 3 2 2 -3.92638500034206e-03
0 1 0 3 3 1 -1.25015508564043e-02
0 1 1 0 0 2 1.03953583926739e+00
0 1 1 0 1 1 -3.66375002624515e-01
0 1 1 0 1 3 5.97687056378383e-02
0 1 1 0 2 0 -5.19767919633694e-01
0 1 1 0 2 2 -2.46327414897863e-01
0 1 1 0 3 1 -2.68461763806156e-02
0 1 1 0 3 3 4.32135033380667e-02
0 1 1 1 0 1 -3.66375002624515e-01
0 1 1 1 0 3 5.97687056378383e-02
0 1 1 1 1 0 7.32750005249030e-01
0 1 1 1 1 2 3.51681023335737e-03
0 1 1 1 2 1 -1.75840511667868e-03
0 1 1 1 2 3 -2.57752658731149e-02
0 1 1 1 3 0 -3.29225292572227e-02
0 1 1 1 3 2 1.05021730973825e-02
0 1 1 2 0 0 -5.19767919633694e-01
0 1 1 2 0 2 -2.46327414897863e-01
0 1 1 2 1 1 -1.75840511667868e-03
0 1 1 2 1 3 -2.57752658731149e-02
0 1 1 2 2 0 4.92654829795727e-01
0 1 1 2 3 1 1.52730927757325e-02
0 1 1 2 3 3 2.54039969847850e-02
0 1 1 3 0 1 -2.68461763806156e-02
0 1 1 3 0 3 4.32135033380667e-02
0 1 1 3 1 0 -3.29225292572227e-02
0 1 1 3 1 2 1.05021730973825e-02
0 1 1 3 2 1 1.52730927757325e-02
0 1 1 3 2 3 2.54039969847850e-02
0 1 1 3 3 0 -8.64270066761333e-02
0 1 1 3 3 2 -5.08079939695700e-02
0 1 2 0 0 1 -6.82109262124441e-02
0 1 2 0 0 3 2.29500081374901e-01
0 1 2 0 1 0 1.91152356313201e-01
0 1 2 0 1 2 6.29932595003001e-01
0 1 2 0 2 1 -3.19145578961309e-01
0 1 2 0 2 3 -1.18791997251914e-01
0 1 2 0 3 0 -4.28908265736747e-01
0 1 2 0 3 2 1.49218667093104e-01
0 1 2 1 0 0 -1.22941430100757e-01
0 1 2 1 0 2 -3.19145578961309e-01
0 1 2 1 1 3 -1.02665909702576e-02
0 1 2 1 2 0 -2.93794187564956e-01
0 1 2 1 2 2 1.42959755497568e-01
0 1 2 1 3 1 1.28962140178786e-02
0 1 2 1 3 3 -2.63791388527435e-02
0 1 2 2 0 1 -3.36138407438044e-01
0 1 2 2 0 3 -3.21771152334603e-02
0 1 2 2 1 0 6.38291157922617e-01
0 1 2 2 1 2 -2.94433125894828e-01
0 1 2 2 2 1 1.51473370397259e-01
0 1 2 2 2 3 4.04094815053808e-02
0 1 2 2 3 0 1.49218667093104e-01
0 1 2 2 3 2 -7.26347385985258e-02
0 1 2 3 0 0 1.99408184361845e-01
0 1 2 3 0 2 -3.04266698411903e-02
0 1 2 3 1 1 -2.62962304762106e-03
0 1 2 3 1 3 5.27582777054871e-02
0 1 2 3 2 0 -1.17041551859644e-01
0 1 2 3 2 2 3.22252570931450e-02
0 1 2 3 3 1 -2.63791388527435e-02
0 1 3 0 0 2 2.54103758604179e-01
0 1 3 0 1 1 5.97687056378383e-02
0 1 3 0 1 3 -1.14069922578954e-01
0 1 3 0 2 0 -2.02290327221423e-01
0 1 3 0 2 2 3.28432706754382e-01
0 1 3 0 3 1 -1.39421313975306e-01
0 1 3 0 3 3 -6.62816687838050e-02
0 1 3 1 0 1 -2.68461763806156e-02
0 1 3 1 0 3 -1.39421313975306e-01
0 1 3 1 1 0 -3.29225292572227e-02
0 1 3 1 1 2 -4.46550315934606e-01
0 1 3 1 2 1 2.43544801244397e-01
0 1 3 1 2 3 8.50208493014941e-02
0 1 3 1 3 0 2.70484065030996e-01
0 1 3 1 3 2 -1.06797579814984e-01
0 1 3 2 0 0 -5.18134313827558e-02
0 1 3 2 0 2 3.28432706754382e-01
0 1 3 2 1 1 2.03005514690209e-01
0 1 3 2 1 3 7.65072344018026e-02
0 1 3 2 2 0 -6.56865413508763e-01
0 1 3 2 3 1 2.17767305134898e-02
0 1 3 2 3 3 6.63860230931718e-03
0 1 3 3 0 1 -1.56414142452042e-01
0 1 3 3 0 3 -6.80321141760750e-02
0 1 3 3 1 0 2.78842627950612e-01
0 1 3 3 1 2 -1.06797579814984e-01
0 1 3 3 2 1 3.02903454131810e-02
0 1 3 3 2 3 1.48228267215530e-02
0 1 3 3 3 0 1.34313782959880e-01
0 1 3 3 3 2 -2.14614290308701e-02
0 2 0 0 0 2 -9.02997975409541e-01
0 2 0 0 1 1 -5.19767919633694e-01
0 2 0 0 1 3 -2.02290327221423e-01
0 2 0 0 2 0 1.80599595081908e+00
0 2 0 0 3 1 -5.18134313827558e-02
0 2 0 0 3 3 -1.05042613783018e-02
0 2 0 1 0 1 1.03953583926739e+00
0 2 0 1 0 3 2.54103758604179e-01
0 2 0 1 1 0 -5.19767919633694e-01
0 2 0 1 1 2 2.43272520202882e-01
0 2 0 1 2 1 -4.86545040405763e-01
0 2 0 1 2 3 -1.02178835827132e-01
0 2 0 1 3 0 -5.18134313827558e-02
0 2 0 1 3 2 5.10894179135660e-02
0 2 0 2 0 0 -9.02997975409541e-01
0 2 0 2 1 1 2.43272520202882e-01
0 2 0 2 1 3 5.10894179135660e-02
0 2 0 2 3 1 5.10894179135660e-02
0 2 0 2 3 3 4.91127759737266e-02
0 2 0 3 0 1 2.54103758604179e-01
0 2 0 3 0 3 2.10085227566037e-02
0 2 0 3 1 0 -2.02290327221423e-01
0 2 0 3 1 2 5.10894179135660e-02
0 2 0 3 2 1 -1.02178835827132e-01
0 2 0 3 2 3 -9.82255519474531e-02
0 2 0 3 3 0 -1.05042613783018e-02
0 2 0 3 3 2 4.91127759737266e-02
0 2 1 0 0 1 -6.82109262124441e-02
0 2 1 0 0 3 2.29500081374901e-01
0 2 1 0 1 0 -1.22941430100757e-01
0 2 1 0 1 2 -3.19145578961309e-01
0 2 1 0 2 1 -3.36138407438044e-01
0 2 1 0 2 3 -3.21771152334603e-02
0 2 1 0 3 0 1.99408184361845e-01
0 2 1 0 3 2 -3.04266698411903e-02
0 2 1 1 0 0 1.91152356313201e-01
0 2 1 1 0 2 6.29932595003001e-01
0 2 1 1 1 3 -1.02665909702576e-02
0 2 1 1 2 0 6.38291157922617e-01
0 2 1 1 2 2 -2.94433125894828e-01
0 2 1 1 3 1 -2.62962304762106e-03
0 2 1 1 3 3 5.27582777054871e-02
0 2 1 2 0 1 -3.19145578961309e-01
0 2 1 2 0 3 -1.18791997251914e-01
0 2 1 2 1 0 -2.93794187564956e-01
0 2 1 2 1 2 1.42959755497568e-01
0 2 1 2 2 1 1.51473370397259e-01
0 2 1 2 2 3 4.04094815053808e-02
0 2 1 2 3 0 -1.17041551859644e-01
0 2 1 2 3 2 3.22252570931450e-02
0 2 1 3 0 0 -4.28908265736747e-01
0 2 1 3 0 2 1.49218667093104e-01
0 2 1 3 1 1 1.28962140178786e-02
0 2 1 3 1 3 -2.63791388527435e-02
0 2 1 3 2 0 1.49218667093104e-01
0 2 1 3 2 2 -7.26347385985258e-02
0 2 1 3 3 1 -2.63791388527435e-02
0 2 2 0 1 1 -2.46327414897863e-01
0 2 2 0 1 3 3.28432706754382e-01
0 2 2 0 2 2 -9.02997975409542e-01
0 2 2 0 3 1 3.28432706754382e-01
0 2 2 0 3 3 1.80578698992801e-01
0 2 2 1 0 1 -2.46327414897863e-01
0 2 2 1 0 3 3.28432706754382e-01
0 2 2 1 1 0 4.92654829795727e-01
0 2 2 1 1 2 1.03953583926739e+00
0 2 2 1 2 1 -5.19767919633694e-01
0 2 2 1 2 3 -2.02290327221423e-01
0 2 2 1 3 0 -6.56865413508763e-01
0 2 2 1 3 2 2.54103758604179e-01
0 2 2 2 0 2 -9.02997975409542e-01
0 2 2 2 1 1 -5.19767919633694e-01
0 2 2 2 1 3 -2.02290327221423e-01
0 2 2 2 2 0 1.80599595081908e+00
0 2 2 2 3 1 -5.18134313827558e-02
0 2 2 2 3 3 -1.05042613783018e-02
0 2 2 3 0 1 3.28432706754382e-01
0 2 2 3 0 3 1.80578698992801e-01
0 2 2 3 1 0 -6.56865413508763e-01
0 2 2 3 1 2 2.54103758604179e-01
0 2 2 3 2 1 -5.18134313827558e-02
0 2 2 3 2 3 -1.05042613783018e-02
0 2 2 3 3 0 -3.61157397985603e-01
0 2 2 3 3 2 2.10085227566037e-02
0 2 3 0 0 1 -1.03135620080953e-02
0 2 3 0 0 3 2.09458624314930e-02
0 2 3 0 1 0 -5.13619206569428e-02
0 2 3 0 1 2 -1.18791997251914e-01
0 2 3 0 2 1 -3.21771152334603e-02
0 2 3 0 2 3 5.26334980189988e-03
0 2 3 0 3 0 7.56763663198059e-02
0 2 3 0 3 2 -2.00880415944523e-02
0 2 3 1 0 0 6.16754826650381e-02
0 2 3 1 0 2 1.49218667093104e-01
0 2 3 1 1 3 -5.33109795693079e-04
0 2 3 1 2 0 1.49218667093104e-01
0 2 3 1 2 2 -6.96455326148425e-02
0 2 3 1 3 1 -5.33109795693080e-04
0 2 3 1 3 3 1.28962140178786e-02
0 2 3 2 0 1 -3.04266698411903e-02
0 2 3 2 0 3 -2.00880415944523e-02
0 2 3 2 1 0 -1.17041551859644e-01
0 2 3 2 1 2 5.50924095845153e-02
0 2 3 2 2 1 1.45531230303272e-02
0 2 3 2 2 3 3.50278912182163e-03
0 2 3 2 3 0 -3.70808700711879e-02
0 2 3 2 3 2 1.20164040215130e-02
0 2 3 3 0 0 -9.66222287512989e-02
0 2 3 3 0 2 3.18175202692881e-02
0 2 3 3 1 1 1.06621959138616e-03
0 2 3 3 1 3 -1.02665909702576e-02
0 2 3 3 2 0 4.01760831889046e-02
0 2 3 3 2 2 -1.55191931433346e-02
0 2 3 3 3 1 -2.62962304762106e-03
0 3 0 0 0 1 2.39137066952234e-02
0 3 0 0 0 3 -1.55567025864295e-01
0 3 0 0 1 0 -4.78274133904469e-02
0 3 0 0 1 2 -4.28908265736747e-01
0 3 0 0 2 1 1.99408184361845e-01
0 3 0 0 2 3 7.56763663198059e-02
0 3 0 0 3 0 3.11134051728591e-01
0 3 0 0 3 2 -9.66222287512989e-02
0 3 0 1 0 0 2.39137066952234e-02
0 3 0 1 0 2 2.29500081374901e-01
0 3 0 1 1 3 9.16468753580630e-03
0 3 0 1 2 0 1.99408184361845e-01
0 3 0 1 2 2 -9.86982422279548e-02
0 3 0 1 3 1 -1.83293750716126e-02
0 3 0 1 3 3 1.66685392614496e-02
0 3 0 2 0 1 2.29500081374901e-01
0 3 0 2 0 3 2.09458624314930e-02
0 3 0 2 1 0 -4.28908265736747e-01
0 3 0 2 1 2 1.97396484455910e-01
0 3 0 2 2 1 -9.86982422279548e-02
0 3 0 2 2 3 -2.84033383236395e-02
0 3 0 2 3 0 -9.66222287512989e-02
0 3 0 2 3 2 5.68066766472791e-02
0 3 0 3 0 0 -1.55567025864295e-01
0 3 0 3 0 2 2.09458624314930e-02
0 3 0 3 1 1 9.16468753580630e-03
0 3 0 3 1 3 -3.33370785228993e-02
0 3 0 3 2 0 7.56763663198059e-02
0 3 0 3 2 2 -2.84033383236395e-02
0 3 0 3 3 1 1.66685392614496e-02
0 3 1 0 0 2 2.54103758604179e-01
0 3 1 0 1 1 -2.68461763806156e-02
0 3 1 0 1 3 -1.39421313975306e-01
0 3 1 0 2 0 -5.18134313827558e-02
0 3 1 0 2 2 3.28432706754382e-01
0 3 1 0 3 1 -1.56414142452042e-01
0 3 1 0 3 3 -6.80321141760750e-02
0 3 1 1 0 1 5.97687056378383e-02
0 3 1 1 0 3 -1.14069922578954e-01
0 3 1 1 1 0 -3.29225292572227e-02
0 3 1 1 1 2 -4.46550315934606e-01
0 3 1 1 2 1 2.03005514690209e-01
0 3 1 1 2 3 7.65072344018026e-02
0 3 1 1 3 0 2.78842627950612e-01
0 3 1 1 3 2 -1.06797579814984e-01
0 3 1 2 0 0 -2.02290327221423e-01
0 3 1 2 0 2 3.28432706754382e-01
0 3 1 2 1 1 2.43544801244397e-01
0 3 1 2 1 3 8.50208493014941e-02
0 3 1 2 2 0 -6.56865413508763e-01
0 3 1 2 3 1 3.02903454131810e-02
0 3 1 2 3 3 1.48228267215530e-02
0 3 1 3 0 1 -1.39421313975306e-01
0 3 1 3 0 3 -6.62816687838050e-02
0 3 1 3 1 0 2.70484065030996e-01
0 3 1 3 1 2 -1.06797579814984e-01
0 3 1 3 2 1 2.17767305134898e-02
0 3 1 3 2 3 6.63860230931718e-03
0 3 1 3 3 0 1.34313782959880e-01
0 3 1 3 3 2 -2.14614290308701e-02
0 3 2 0 0 1 -1.03135620080953e-02
0 3 2 0 0 3 2.09458624314930e-02
0 3 2 0 1 0 6.16754826650381e-02
0 3 2 0 1 2 1.49218667093104e-01
0 3 2 0 2 1 -3.04266698411903e-02
0 3 2 0 2 3 -2.00880415944523e-02
0 3 2 0 3 0 -9.66222287512989e-02
0 3 2 0 3 2 3.18175202692881e-02
0 3 2 1 0 0 -5.13619206569428e-02
0 3 2 1 0 2 -1.18791997251914e-01
0 3 2 1 1 3 -5.33109795693079e-04
0 3 2 1 2 0 -1.17041551859644e-01
0 3 2 1 2 2 5.50924095845153e-02
0 3 2 1 3 1 1.06621959138616e-03
0 3 2 1 3 3 -1.02665909702576e-02
0 3 2 2 0 1 -3.21771152334603e-02
0 3 2 2 0 3 5.26334980189988e-03
0 3 2 2 1 0 1.49218667093104e-01
0 3 2 2 1 2 -6.96455326148425e-02
0 3 2 2 2 1 1.45531230303272e-02
0 3 2 2 2 3 3.50278912182163e-03
0 3 2 2 3 0 4.01760831889046e-02
0 3 2 2 3 2 -1.55191931433346e-02
0 3 2 3 0 0 7.56763663198059e-02
0 3 2 3 0 2 -2.00880415944523e-02
0 3 2 3 1 1 -5.33109795693080e-04
0 3 2 3 1 3 1.28962140178786e-02
0 3 2 3 2 0 -3.70808700711879e-02
0 3 2 3 2 2 1.20164040215130e-02
0 3 2 3 3 1 -2.62962304762106e-03
0 3 3 0 0 2 2.10085227566037e-02
0 3 3 0 1 1 4.32135033380667e-02
0 3 3 0 1 3 -6.62816687838050e-02
0 3 3 0 2 0 -1.05042613783018e-02
0 3 3 0 2 2 1.80578698992801e-01
0 3 3 0 3 1 -6.80321141760750e-02
0 3 3 0 3 3 -3.62337534834419e-02
0 3 3 1 0 1 4.32135033380667e-02
0 3 3 1 0 3 -6.62816687838050e-02
0 3 3 1 1 0 -8.64270066761333e-02
0 3 3 1 1 2 -2.13542921400880e-01
0 3 3 1 2 1 1.06771460700440e-01
0 3 3 1 2 3 4.10476897150199e-02
0 3 3 1 3 0 1.34313782959880e-01
0 3 3 1 3 2 -5.20034824169840e-02
0 3 3 2 0 0 -1.05042613783018e-02
0 3 3 2 0 2 1.80578698992801e-01
0 3 3 2 1 1 1.06771460700440e-01
0 3 3 2 1 3 4.10476897150199e-02
0 3 3 2 2 0 -3.61157397985603e-01
0 3 3 2 3 1 1.09557927019641e-02
0 3 3 2 3 3 2.67192103982495e-03
0 3 3 3 0 1 -6.80321141760750e-02
0 3 3 3 0 3 -3.62337534834419e-02
0 3 3 3 1 0 1.34313782959880e-01
0 3 3 3 1 2 -5.20034824169840e-02
0 3 3 3 2 1 1.09557927019641e-02
0 3 3 3 2 3 2.67192103982495e-03
0 3 3 3 3 0 7.24675069668838e-02
0 3 3 3 3 2 -5.34384207964989e-03
1 0 0 0 0 1 3.73301475277024e-01
1 0 0 0 0 3 -4.78274133904469e-02
1 0 0 0 1 0 -1.86650737638512e-01
1 0 0 0 1 2 -1.22941430100757e-01
1 0 0 0 2 1 1.91152356313201e-01
1 0 0 0 2 3 6.16754826650381e-02
1 0 0 0 3 0 2.39137066952234e-02
1 0 0 0 3 2 -5.13619206569428e-02
1 0 0 1 0 0 -1.86650737638512e-01
1 0 0 1 0 2 -1.22941430100757e-01
1 0 0 1 1 3 -3.33370785228993e-02
1 0 0 1 2 0 -6.82109262124441e-02
1 0 0 1 2 2 4.77800132229952e-02
1 0 0 1 3 1 1.66685392614496e-02
1 0 0 1 3 3 -1.25015508564043e-02
1 0 0 2 0 1 1.91152356313201e-01
1 0 0 2 0 3 6.16754826650381e-02
1 0 0 2 1 0 -6.82109262124441e-02
1 0 0 2 1 2 4.77800132229952e-02
1 0 0 2 2 1 -9.55600264459905e-02
1 0 0 2 2 3 7.85277000068412e-03
1 0 0 2 3 0 -1.03135620080953e-02
1 0 0 2 3 2 -3.92638500034206e-03
1 0 0 3 0 0 2.39137066952234e-02
1 0 0 3 0 2 -5.13619206569428e-02
1 0 0 3 1 1 1.66685392614496e-02
1 0 0 3 1 3 -1.25015508564043e-02
1 0 0 3 2 0 -1.03135620080953e-02
1 0 0 3 2 2 -3.92638500034206e-03
1 0 0 3 3 1 2.50031017128087e-02
1 0 1 0 0 2 -5.19767919633694e-01
1 0 1 0 1 1 -3.66375002624515e-01
1 0 1 0 1 3 -2.68461763806156e-02
1 0 1 0 2 0 1.03953583926739e+00
1 0 1 0 2 2 -2.46327414897863e-01
1 0 1 0 3 1 5.97687056378383e-02
1 0 1 0 3 3 4.32135033380667e-02
1 0 1 1 0 1 7.32750005249030e-01
1 0 1 1 0 3 -3.29225292572227e-02
1 0 1 1 1 0 -3.66375002624515e-01
1 0 1 1 1 2 -1.75840511667868e-03
1 0 1 1 2 1 3.51681023335737e-03
1 0 1 1 2 3 1.05021730973825e-02
1 0 1 1 3 0 5.97687056378383e-02
1 0 1 1 3 2 -2.57752658731149e-02
1 0 1 2 0 0 -5.19767919633694e-01
1 0 1 2 0 2 4.92654829795727e-01
1 0 1 2 1 1 -1.75840511667868e-03
1 0 1 2 1 3 1.52730927757325e-02
1 0 1 2 2 0 -2.46327414897863e-01
1 0 1 2 3 1 -2.57752658731149e-02
1 0 1 2 3 3 2.54039969847850e-02
1 0 1 3 0 1 -3.29225292572227e-02
1 0 1 3 0 3 -8.64270066761333e-02
1 0 1 3 1 0 -2.68461763806156e-02
1 0 1 3 1 2 1.52730927757325e-02
1 0 1 3 2 1 1.05021730973825e-02
1 0 1 3 2 3 -5.08079939695700e-02
1 0 1 3 3 0 4.32135033380667e-02
1 0 1 3 3 2 2.54039969847850e-02
1 0 2 0 0 1 1.91152356313201e-01
1 0 2 0 0 3 -4.28908265736747e-01
1 0 2 0 1 0 -6.82109262124441e-02
1 0 2 0 1 2 -3.19145578961309e-01
1 0 2 0 2 1 6.29932595003001e-01
1 0 2 0 2 3 1.49218667093104e-01
1 0 2 0 3 0 2.29500081374901e-01
1 0 2 0 3 2 -1.18791997251914e-01
1 0 2 1 0 0 -1.22941430100757e-01
1 0 2 1 0 2 -2.93794187564956e-01
1 0 2 1 1 3 1.28962140178786e-02
1 0 2 1 2 0 -3.19145578961309e-01
1 0 2 1 2 2 1.42959755497568e-01
1 0 2 1 3 1 -1.02665909702576e-02
1 0 2 1 3 3 -2.63791388527435e-02
1 0 2 2 0 1 6.38291157922617e-01
1 0 2 2 0 3 1.49218667093104e-01
1 0 2 2 1 0 -3.36138407438044e-01
1 0 2 2 1 2 1.51473370397259e-01
1 0 2 2 2 1 -2.94433125894828e-01
1 0 2 2 2 3 -7.26347385985258e-02
1 0 2 2 3 0 -3.21771152334603e-02
1 0 2 2 3 2 4.04094815053808e-02
1 0 2 3 0 0 1.99408184361845e-01
1 0 2 3 0 2 -1.17041551859644e-01
1 0 2 3 1 1 -2.62962304762106e-03
1 0 2 3 1 3 -2.63791388527435e-02
1 0 2 3 2 0 -3.04266698411903e-02
1 0 2 3 2 2 3.22252570931450e-02
1 0 2 3 3 1 5.27582777054871e-02
1 0 3 0 0 2 -2.02290327221423e-01
1 0 3 0 1 1 5.97687056378383e-02
1 0 3 0 1 3 -1.39421313975306e-01
1 0 3 0 2 0 2.54103758604179e-01
1 0 3 0 2 2 3.28432706754382e-01
1 0 3 0 3 1 -1.14069922578954e-01
1 0 3 0 3 3 -6.62816687838050e-02
1 0 3 1 0 1 -3.29225292572227e-02
1 0 3 1 0 3 2.70484065030996e-01
1 0 3 1 1 0 -2.68461763806156e-02
1 0 3 1 1 2 2.43544801244397e-01
1 0 3 1 2 1 -4.46550315934606e-01
1 0 3 1 2 3 -1.06797579814984e-01
1 0 3 1 3 0 -1.39421313975306e-01
1 0 3 1 3 2 8.50208493014941e-02
1 0 3 2 0 0 -5.18134313827558e-02
1 0 3 2 0 2 -6.56865413508763e-01
1 0 3 2 1 1 2.03005514690209e-01
1 0 3 2 1 3 2.17767305134898e-02
1 0 3 2 2 0 3.28432706754382e-01
1 0 3 2 3 1 7.65072344018026e-02
1 0 3 2 3 3 6.63860230931718e-03
1 0 3 3 0 1 2.78842627950612e-01
1 0 3 3 0 3 1.34313782959880e-01
1 0 3 3 1 0 -1.56414142452042e-01
1 0 3 3 1 2 3.02903454131810e-02
1 0 3 3 2 1 -1.06797579814984e-01
1 0 3 3 2 3 -2.14614290308701e-02
1 0 3 3 3 0 -6.80321141760750e-02
1 0 3 3 3 2 1.48228267215530e-02
1 1 0 0 0 2 -5.19767919633694e-01
1 1 0 0 1 1 7.32750005249030e-01
1 1 0 0 1 3 -3.29225292572227e-02
1 1 0 0 2 0 -5.19767919633694e-01
1 1 0 0 2 2 4.92654829795727e-01
1 1 0 0 3 1 -3.29225292572227e-02
1 1 0 0 3 3 -8.64270066761333e-02
1 1 0 1 0 1 -3.66375002624515e-01
1 1 0 1 0 3 -2.68461763806156e-02
1 1 0 1 1 0 -3.66375002624515e-01
1 1 0 1 1 2 -1.75840511667868e-03
1 1 0 1 2 1 -1.75840511667868e-03
1 1 0 1 2 3 1.52730927757325e-02
1 1 0 1 3 0 -2.68461763806156e-02
1 1 0 1 3 2 1.52730927757325e-02
1 1 0 2 0 0 1.03953583926739e+00
1 1 0 2 0 2 -2.46327414897863e-01
1 1 0 2 1 1 3.51681023335737e-03
1 1 0 2 1 3 1.05021730973825e-02
1 1 0 2 2 0 -2.46327414897863e-01
1 1 0 2 3 1 1.05021730973825e-02
1 1 0 2 3 3 -5.08079939695700e-02
1 1 0 3 0 1 5.97687056378383e-02
1 1 0 3 0 3 4.32135033380667e-02
1 1 0 3 1 0 5.97687056378383e-02
1 1 0 3 1 2 -2.57752658731149e-02
1 1 0 3 2 1 -2.57752658731149e-02
1 1 0 3 2 3 2.54039969847850e-02
1 1 0 3 3 0 4.32135033380667e-02
1 1 0 3 3 2 2.54039969847850e-02
1 1 2 0 0 2 2.43272520202882e-01
1 1 2 0 1 1 3.51681023335737e-03
1 1 2 0 1 3 -4.46550315934606e-01
1 1 2 0 2 0 2.43272520202882e-01
1 1 2 0 2 2 1.03953583926739e+00
1 1 2 0 3 1 -4.46550315934606e-01
1 1 2 0 3 3 -2.13542921400880e-01
1 1 2 1 0 1 -1.75840511667868e-03
1 1 2 1 0 3 2.43544801244397e-01
1 1 2 1 1 0 -1.75840511667868e-03
1 1 2 1 1 2 -3.64718657554943e-01
1 1 2 1 2 1 -3.64718657554943e-01
1 1 2 1 2 3 -4.35877066862509e-02
1 1 2 1 3 0 2.43544801244397e-01
1 1 2 1 3 2 -4.35877066862509e-02
1 1 2 2 0 0 -4.86545040405763e-01
1 1 2 2 0 2 -5.19767919633694e-01
1 1 2 2 1 1 7.29437315109886e-01
1 1 2 2 1 3 1.73790295390956e-01
1 1 2 2 2 0 -5.19767919633694e-01
1 1 2 2 3 1 1.73790295390956e-01
1 1 2 2 3 3 3.85550518234142e-02
1 1 2 3 0 1 2.03005514690209e-01
1 1 2 3 0 3 1.06771460700440e-01
1 1 2 3 1 0 2.03005514690209e-01
1 1 2 3 1 2 -1.30202588704705e-01
1 1 2 3 2 1 -1.30202588704705e-01
1 1 2 3 2 3 -1.92775259117071e-02
1 1 2 3 3 0 1.06771460700440e-01
1 1 2 3 3 2 -1.92775259117071e-02
1 1 3 0 0 1 1.66685392614496e-02
1 1 3 0 0 3 9.16468753580630e-03
1 1 3 0 1 0 1.66685392614496e-02
1 1 3 0 1 2 -1.02665909702576e-02
1 1 3 0 2 1 -1.02665909702576e-02
1 1 3 0 2 3 -5.33109795693079e-04
1 1 3 0 3 0 9.16468753580630e-03
1 1 3 0 3 2 -5.33109795693079e-04
1 1 3 1 0 0 -3.33370785228993e-02
1 1 3 1 0 2 1.28962140178786e-02
1 1 3 1 1 3 -2.32588941473424e-03
1 1 3 1 2 0 1.28962140178786e-02
1 1 3 1 2 2 -5.18575617363067e-03
1 1 3 1 3 1 -2.32588941473424e-03
1 1 3 2 0 1 -2.62962304762106e-03
1 1 3 2 0 3 -5.33109795693080e-04
1 1 3 2 1 0 -2.62962304762106e-03
1 1 3 2 1 2 2.59287808681533e-03
1 1 3 2 2 1 2.59287808681533e-03
1 1 3 2 2 3 2.49256002134118e-03
1 1 3 2 3 0 -5.33109795693080e-04
1 1 3 2 3 2 2.49256002134118e-03
1 1 3 3 0 0 -1.83293750716126e-02
1 1 3 3 0 2 1.06621959138616e-03
1 1 3 3 1 1 4.65177882946848e-03
1 1 3 3 2 0 1.06621959138616e-03
1 1 3 3 2 2 -4.98512004268235e-03
1 2 0 0 0 1 1.91152356313201e-01
1 2 0 0 0 3 -4.28908265736747e-01
1 2 0 0 1 0 -1.22941430100757e-01
1 2 0 0 1 2 -2.93794187564956e-01
1 2 0 0 2 1 6.38291157922617e-01
1 2 0 0 2 3 1.49218667093104e-01
1 2 0 0 3 0 1.99408184361845e-01
1 2 0 0 3 2 -1.17041551859644e-01
1 2 0 1 0 0 -6.82109262124441e-02
1 2 0 1 0 2 -3.19145578961309e-01
1 2 0 1 1 3 1.28962140178786e-02
1 2 0 1 2 0 -3.36138407438044e-01
1 2 0 1 2 2 1.51473370397259e-01
1 2 0 1 3 1 -2.62962304762106e-03
1 2 0 1 3 3 -2.63791388527435e-02
1 2 0 2 0 1 6.29932595003001e-01
1 2 0 2 0 3 1.49218667093104e-01
1 2 0 2 1 0 -3.19145578961309e-01
1 2 0 2 1 2 1.42959755497568e-01
1 2 0 2 2 1 -2.94433125894828e-01
1 2 0 2 2 3 -7.26347385985258e-02
1 2 0 2 3 0 -3.04266698411903e-02
1 2 0 2 3 2 3.22252570931450e-02
1 2 0 3 0 0 2.29500081374901e-01
1 2 0 3 0 2 -1.18791997251914e-01
1 2 0 3 1 1 -1.02665909702576e-02
1 2 0 3 1 3 -2.63791388527435e-02
1 2 0 3 2 0 -3.21771152334603e-02
1 2 0 3 2 2 4.04094815053808e-02
1 2 0 3 3 1 5.27582777054871e-02
1 2 1 0 0 2 2.43272520202882e-01
1 2 1 0 1 1 -1.75840511667868e-03
1 2 1 0 1 3 2.43544801244397e-01
1 2 1 0 2 0 -4.86545040405763e-01
1 2 1 0 2 2 -5.19767919633694e-01
1 2 1 0 3 1 2.03005514690209e-01
1 2 1 0 3 3 1.06771460700440e-01
1 2 1 1 0 1 3.51681023335737e-03
1 2 1 1 0 3 -4.46550315934606e-01
1 2 1 1 1 0 -1.75840511667868e-03
1 2 1 1 1 2 -3.64718657554943e-01
1 2 1 1 2 1 7.29437315109886e-01
1 2 1 1 2 3 1.73790295390956e-01
1 2 1 1 3 0 2.03005514690209e-01
1 2 1 1 3 2 -1.30202588704705e-01
1 2 1 2 0 0 2.43272520202882e-01
1 2 1 2 0 2 1.03953583926739e+00
1 2 1 2 1 1 -3.64718657554943e-01
1 2 1 2 1 3 -4.35877066862509e-02
1 2 1 2 2 0 -5.19767919633694e-01
1 2 1 2 3 1 -1.30202588704705e-01
1 2 1 2 3 3 -1.92775259117071e-02
1 2 1 3 0 1 -4.46550315934606e-01
1 2 1 3 0 3 -2.13542921400880e-01
1 2 1 3 1 0 2.43544801244397e-01
1 2 1 3 1 2 -4.35877066862509e-02
1 2 1 3 2 1 1.73790295390956e-01
1 2 1 3 2 3 3.85550518234142e-02
1 2 1 3 3 0 1.06771460700440e-01
1 2 1 3 3 2 -1.92775259117071e-02
1 2 2 0 0 1 -9.55600264459905e-02
1 2 2 0 0 3 1.97396484455910e-01
1 2 2 0 1 0 4.77800132229952e-02
1 2 2 0 1 2 1.42959755497568e-01
1 2 2 0 2 1 -2.94433125894828e-01
1 2 2 0 2 3 -6.96455326148425e-02
1 2 2 0 3 0 -9.86982422279548e-02
1 2 2 0 3 2 5.50924095845153e-02
1 2 2 1 0 0 4.77800132229952e-02
1 2 2 1 0 2 1.42959755497568e-01
1 2 2 1 1 3 -5.18575617363067e-03
1 2 2 1 2 0 1.51473370397259e-01
1 2 2 1 2 2 -6.84294421375461e-02
1 2 2 1 3 1 2.59287808681533e-03
1 2 2 1 3 3 1.23465095614429e-02
1 2 2 2 0 1 -2.94433125894828e-01
1 2 2 2 0 3 -6.96455326148425e-02
1 2 2 2 1 0 1.51473370397259e-01
1 2 2 2 1 2 -6.84294421375461e-02
1 2 2 2 2 1 1.36858884275092e-01
1 2 2 2 2 3 3.30848905422488e-02
1 2 2 2 3 0 1.45531230303272e-02
1 2 2 2 3 2 -1.65424452711244e-02
1 2 2 3 0 0 -9.86982422279548e-02
1 2 2 3 0 2 5.50924095845153e-02
1 2 2 3 1 1 2.59287808681533e-03
1 2 2 3 1 3 1.23465095614429e-02
1 2 2 3 2 0 1.45531230303272e-02
1 2 2 3 2 2 -1.65424452711244e-02
1 2 2 3 3 1 -2.46930191228857e-02
1 2 3 0 0 2 5.10894179135660e-02
1 2 3 0 1 1 -2.57752658731149e-02
1 2 3 0 1 3 8.50208493014941e-02
1 2 3 0 2 0 -1.02178835827132e-01
1 2 3 0 2 2 -2.02290327221423e-01
1 2 3 0 3 1 7.65072344018026e-02
1 2 3 0 3 3 4.10476897150199e-02
1 2 3 1 0 1 1.05021730973825e-02
1 2 3 1 0 3 -1.06797579814984e-01
1 2 3 1 1 0 1.52730927757325e-02
1 2 3 1 1 2 -4.35877066862509e-02
1 2 3 1 2 1 1.73790295390956e-01
1 2 3 1 2 3 3.73541641682062e-02
1 2 3 1 3 0 2.17767305134898e-02
1 2 3 1 3 2 -2.28563635439114e-02
1 2 3 2 0 0 5.10894179135660e-02
1 2 3 2 0 2 2.54103758604179e-01
1 2 3 2 1 1 -1.30202588704705e-01
1 2 3 2 1 3 -2.28563635439114e-02
1 2 3 2 2 0 -5.18134313827558e-02
1 2 3 2 3 1 -3.98491920206470e-02
1 2 3 2 3 3 -5.13185381833374e-03
1 2 3 3 0 1 -1.06797579814984e-01
1 2 3 3 0 3 -5.20034824169840e-02
1 2 3 3 1 0 3.02903454131810e-02
1 2 3 3 1 2 2.49502785244082e-03
1 2 3 3 2 1 4.57127270878227e-02
1 2 3 3 2 3 8.51326224439738e-03
1 2 3 3 3 0 1.09557927019641e-02
1 2 3 3 3 2 -3.38140842606364e-03
1 3 0 0 0 2 -2.02290327221423e-01
1 3 0 0 1 1 -3.29225292572227e-02
1 3 0 0 1 3 2.70484065030996e-01
1 3 0 0 2 0 -5.18134313827558e-02
1 3 0 0 2 2 -6.56865413508763e-01
1 3 0 0 3 1 2.78842627950612e-01
1 3 0 0 3 3 1.34313782959880e-01
1 3 0 1 0 1 5.97687056378383e-02
1 3 0 1 0 3 -1.39421313975306e-01
1 3 0 1 1 0 -2.68461763806156e-02
1 3 0 1 1 2 2.43544801244397e-01
1 3 0 1 2 1 2.03005514690209e-01
1 3 0 1 2 3 2.17767305134898e-02
1 3 0 1 3 0 -1.56414142452042e-01
1 3 0 1 3 2 3.02903454131810e-02
1 3 0 2 0 0 2.54103758604179e-01
1 3 0 2 0 2 3.28432706754382e-01
1 3 0 2 1 1 -4.46550315934606e-01
1 3 0 2 1 3 -1.06797579814984e-01
1 3 0 2 2 0 3.28432706754382e-01
1 3 0 2 3 1 -1.06797579814984e-01
1 3 0 2 3 3 -2.14614290308701e-02
1 3 0 3 0 1 -1.14069922578954e-01
1 3 0 3 0 3 -6.62816687838050e-02
1 3 0 3 1 0 -1.39421313975306e-01
1 3 0 3 1 2 8.50208493014941e-02
1 3 0 3 2 1 7.65072344018026e-02
1 3 0 3 2 3 6.63860230931718e-03
1 3 0 3 3 0 -6.80321141760750e-02
1 3 0 3 3 2 1.48228267215530e-02
1 3 1 0 0 1 1.66685392614496e-02
1 3 1 0 0 3 9.16468753580630e-03
1 3 1 0 1 0 -3.33370785228993e-02
1 3 1 0 1 2 1.28962140178786e-02
1 3 1 0 2 1 -2.62962304762106e-03
1 3 1 0 2 3 -5.33109795693080e-04
1 3 1 0 3 0 -1.83293750716126e-02
1 3 1 0 3 2 1.06621959138616e-03
1 3 1 1 0 0 1.66685392614496e-02
1 3 1 1 0 2 -1.02665909702576e-02
1 3 1 1 1 3 -2.32588941473424e-03
1 3 1 1 2 0 -2.62962304762106e-03
1 3 1 1 2 2 2.59287808681533e-03
1 3 1 1 3 1 4.65177882946848e-03
1 3 1 2 0 1 -1.02665909702576e-02
1 3 1 2 0 3 -5.33109795693079e-04
1 3 1 2 1 0 1.28962140178786e-02
1 3 1 2 1 2 -5.18575617363067e-03
1 3 1 2 2 1 2.59287808681533e-03
1 3 1 2 2 3 2.49256002134118e-03
1 3 1 2 3 0 1.06621959138616e-03
1 3 1 2 3 2 -4.98512004268235e-03
1 3 1 3 0 0 9.16468753580630e-03
1 3 1 3 0 2 -5.33109795693079e-04
1 3 1 3 1 1 -2.32588941473424e-03
1 3 1 3 2 0 -5.33109795693080e-04
1 3 1 3 2 2 2.49256002134118e-03
1 3 2 0 0 2 5.10894179135660e-02
1 3 2 0 1 1 1.05021730973825e-02
1 3 2 0 1 3 -1.06797579814984e-01
1 3 2 0 2 0 5.10894179135660e-02
1 3 2 0 2 2 2.54103758604179e-01
1 3 2 0 3 1 -1.06797579814984e-01
1 3 2 0 3 3 -5.20034824169840e-02
1 3 2 1 0 1 -2.57752658731149e-02
1 3 2 1 0 3 8.50208493014941e-02
1 3 2 1 1 0 1.52730927757325e-02
1 3 2 1 1 2 -4.35877066862509e-02
1 3 2 1 2 1 -1.30202588704705e-01
1 3 2 1 2 3 -2.28563635439114e-02
1 3 2 1 3 0 3.02903454131810e-02
1 3 2 1 3 2 2.49502785244082e-03
1 3 2 2 0 0 -1.02178835827132e-01
1 3 2 2 0 2 -2.02290327221423e-01
1 3 2 2 1 1 1.73790295390956e-01
1 3 2 2 1 3 3.73541641682062e-02
1 3 2 2 2 0 -5.18134313827558e-02
1 3 2 2 3 1 4.57127270878227e-02
1 3 2 2 3 3 8.51326224439738e-03
1 3 2 3 0 1 7.65072344018026e-02
1 3 2 3 0 3 4.10476897150199e-02
1 3 2 3 1 0 2.17767305134898e-02
1 3 2 3 1 2 -2.28563635439114e-02
1 3 2 3 2 1 -3.98491920206470e-02
1 3 2 3 2 3 -5.13185381833374e-03
1 3 2 3 3 0 1.09557927019641e-02
1 3 2 3 3 2 -3.38140842606364e-03
1 3 3 0 0 1 2.50031017128087e-02
1 3 3 0 0 3 -3.33370785228993e-02
1 3 3 0 1 0 -1.25015508564043e-02
1 3 3 0 1 2 -2.63791388527435e-02
1 3 3 0 2 1 5.27582777054871e-02
1 3 3 0 2 3 1.28962140178786e-02
1 3 3 0 3 0 1.66685392614496e-02
1 3 3 0 3 2 -1.02665909702576e-02
1 3 3 1 0 0 -1.25015508564043e-02
1 3 3 1 0 2 -2.63791388527435e-02
1 3 3 1 2 0 -2.63791388527435e-02
1 3 3 1 2 2 1.23465095614429e-02
1 3 3 1 3 3 -2.32588941473424e-03
1 3 3 2 0 1 5.27582777054871e-02
1 3 3 2 0 3 1.28962140178786e-02
1 3 3 2 1 0 -2.63791388527435e-02
1 3 3 2 1 2 1.23465095614429e-02
1 3 3 2 2 1 -2.46930191228857e-02
1 3 3 2 2 3 -5.18575617363067e-03
1 3 3 2 3 0 -2.62962304762106e-03
1 3 3 2 3 2 2.59287808681533e-03
1 3 3 3 0 0 1.66685392614496e-02
1 3 3 3 0 2 -1.02665909702576e-02
1 3 3 3 1 3 -2.32588941473424e-03
1 3 3 3 2 0 -2.62962304762106e-03
1 3 3 3 2 2 2.59287808681533e-03
1 3 3 3 3 1 4.65177882946848e-03
2 0 0 0 0 2 1.80599595081908e+00
2 0 0 0 1 1 -5.19767919633694e-01
2 0 0 0 1 3 -5.18134313827558e-02
2 0 0 0 2 0 -9.02997975409541e-01
2 0 0 0 3 1 -2.02290327221423e-01
2 0 0 0 3 3 -1.05042613783018e-02
2 0 0 1 0 1 -5.19767919633694e-01
2 0 0 1 0 3 -5.18134313827558e-02
2 0 0 1 1 0 1.03953583926739e+00
2 0 0 1 1 2 -4.86545040405763e-01
2 0 0 1 2 1 2.43272520202882e-01
2 0 0 1 2 3 5.10894179135660e-02
2 0 0 1 3 0 2.54103758604179e-01
2 0 0 1 3 2 -1.02178835827132e-01
2 0 0 2 0 0 -9.02997975409541e-01
2 0 0 2 1 1 2.43272520202882e-01
2 0 0 2 1 3 5.10894179135660e-02
2 0 0 2 3 1 5.10894179135660e-02
2 0 0 2 3 3 4.91127759737266e-02
2 0 0 3 0 1 -2.02290327221423e-01
2 0 0 3 0 3 -1.05042613783018e-02
2 0 0 3 1 0 2.54103758604179e-01
2 0 0 3 1 2 -1.02178835827132e-01
2 0 0 3 2 1 5.10894179135660e-02
2 0 0 3 2 3 4.91127759737266e-02
2 0 0 3 3 0 2.10085227566037e-02
2 0 0 3 3 2 -9.82255519474531e-02
2 0 1 0 0 1 -1.22941430100757e-01
2 0 1 0 0 3 1.99408184361845e-01
2 0 1 0 1 0 -6.82109262124441e-02
2 0 1 0 1 2 -3.36138407438044e-01
2 0 1 0 2 1 -3.19145578961309e-01
2 0 1 0 2 3 -3.04266698411903e-02
2 0 1 0 3 0 2.29500081374901e-01
2 0 1 0 3 2 -3.21771152334603e-02
2 0 1 1 0 0 1.91152356313201e-01
2 0 1 1 0 2 6.38291157922617e-01
2 0 1 1 1 3 -2.62962304762106e-03
2 0 1 1 2 0 6.29932595003001e-01
2 0 1 1 2 2 -2.94433125894828e-01
2 0 1 1 3 1 -1.02665909702576e-02
2 0 1 1 3 3 5.27582777054871e-02
2 0 1 2 0 1 -2.93794187564956e-01
2 0 1 2 0 3 -1.17041551859644e-01
2 0 1 2 1 0 -3.19145578961309e-01
2 0 1 2 1 2 1.51473370397259e-01
2 0 1 2 2 1 1.42959755497568e-01
2 0 1 2 2 3 3.22252570931450e-02
2 0 1 2 3 0 -1.18791997251914e-01
2 0 1 2 3 2 4.04094815053808e-02
2 0 1 3 0 0 -4.28908265736747e-01
2 0 1 3 0 2 1.49218667093104e-01
2 0 1 3 1 1 1.28962140178786e-02
2 0 1 3 1 3 -2.63791388527435e-02
2 0 1 3 2 0 1.49218667093104e-01
2 0 1 3 2 2 -7.26347385985258e-02
2 0 1 3 3 1 -2.63791388527435e-02
2 0 2 0 1 1 -2.46327414897863e-01
2 0 2 0 1 3 3.28432706754382e-01
2 0 2 0 2 2 -9.02997975409542e-01
2 0 2 0 3 1 3.28432706754382e-01
2 0 2 0 3 3 1.80578698992801e-01
2 0 2 1 0 1 4.92654829795727e-01
2 0 2 1 0 3 -6.56865413508763e-01
2 0 2 1 1 0 -2.46327414897863e-01
2 0 2 1 1 2 -5.19767919633694e-01
2 0 2 1 2 1 1.03953583926739e+00
2 0 2 1 2 3 2.54103758604179e-01
2 0 2 1 3 0 3.28432706754382e-01
2 0 2 1 3 2 -2.02290327221423e-01
2 0 2 2 0 2 1.80599595081908e+00
2 0 2 2 1 1 -5.19767919633694e-01
2 0 2 2 1 3 -5.18134313827558e-02
2 0 2 2 2 0 -9.02997975409542e-01
2 0 2 2 3 1 -2.02290327221423e-01
2 0 2 2 3 3 -1.05042613783018e-02
2 0 2 3 0 1 -6.56865413508763e-01
2 0 2 3 0 3 -3.61157397985603e-01
2 0 2 3 1 0 3.28432706754382e-01
2 0 2 3 1 2 -5.18134313827558e-02
2 0 2 3 2 1 2.54103758604179e-01
2 0 2 3 2 3 2.10085227566037e-02
2 0 2 3 3 0 1.80578698992801e-01
2 0 2 3 3 2 -1.05042613783018e-02
2 0 3 0 0 1 -5.13619206569428e-02
2 0 3 0 0 3 7.56763663198059e-02
2 0 3 0 1 0 -1.03135620080953e-02
2 0 3 0 1 2 -3.21771152334603e-02
2 0 3 0 2 1 -1.18791997251914e-01
2 0 3 0 2 3 -2.00880415944523e-02
2 0 3 0 3 0 2.09458624314930e-02
2 0 3 0 3 2 5.26334980189988e-03
2 0 3 1 0 0 6.16754826650381e-02
2 0 3 1 0 2 1.49218667093104e-01
2 0 3 1 1 3 -5.33109795693080e-04
2 0 3 1 2 0 1.49218667093104e-01
2 0 3 1 2 2 -6.96455326148425e-02
2 0 3 1 3 1 -5.33109795693079e-04
2 0 3 1 3 3 1.28962140178786e-02
2 0 3 2 0 1 -1.17041551859644e-01
2 0 3 2 0 3 -3.70808700711879e-02
2 0 3 2 1 0 -3.04266698411903e-02
2 0 3 2 1 2 1.45531230303272e-02
2 0 3 2 2 1 5.50924095845153e-02
2 0 3 2 2 3 1.20164040215130e-02
2 0 3 2 3 0 -2.00880415944523e-02
2 0 3 2 3 2 3.50278912182163e-03
2 0 3 3 0 0 -9.66222287512989e-02
2 0 3 3 0 2 4.01760831889046e-02
2 0 3 3 1 1 1.06621959138616e-03
2 0 3 3 1 3 -2.62962304762106e-03
2 0 3 3 2 0 3.18175202692881e-02
2 0 3 3 2 2 -1.55191931433346e-02
2 0 3 3 3 1 -1.02665909702576e-02
2 1 0 0 0 1 -1.22941430100757e-01
2 1 0 0 0 3 1.99408184361845e-01
2 1 0 0 1 0 1.91152356313201e-01
2 1 0 0 1 2 6.38291157922617e-01
2 1 0 0 2 1 -2.93794187564956e-01
2 1 0 0 2 3 -1.17041551859644e-01
2 1 0 0 3 0 -4.28908265736747e-01
2 1 0 0 3 2 1.49218667093104e-01
2 1 0 1 0 0 -6.82109262124441e-02
2 1 0 1 0 2 -3.36138407438044e-01
2 1 0 1 1 3 -2.62962304762106e-03
2 1 0 1 2 0 -3.19145578961309e-01
2 1 0 1 2 2 1.51473370397259e-01
2 1 0 1 3 1 1.28962140178786e-02
2 1 0 1 3 3 -2.63791388527435e-02
2 1 0 2 0 1 -3.19145578961309e-01
2 1 0 2 0 3 -3.04266698411903e-02
2 1 0 2 1 0 6.29932595003001e-01
2 1 0 2 1 2 -2.94433125894828e-01
2 1 0 2 2 1 1.42959755497568e-01
2 1 0 2 2 3 3.22252570931450e-02
2 1 0 2 3 0 1.49218667093104e-01
2 1 0 2 3 2 -7.26347385985258e-02
2 1 0 3 0 0 2.29500081374901e-01
2 1 0 3 0 2 -3.21771152334603e-02
2 1 0 3 1 1 -1.02665909702576e-02
2 1 0 3 1 3 5.27582777054871e-02
2 1 0 3 2 0 -1.18791997251914e-01
2 1 0 3 2 2 4.04094815053808e-02
2 1 0 3 3 1 -2.63791388527435e-02
2 1 1 0 0 2 -4.86545040405763e-01
2 1 1 0 1 1 -1.75840511667868e-03
2 1 1 0 1 3 2.03005514690209e-01
2 1 1 0 2 0 2.43272520202882e-01
2 1 1 0 2 2 -5.19767919633694e-01
2 1 1 0 3 1 2.43544801244397e-01
2 1 1 0 3 3 1.06771460700440e-01
2 1 1 1 0 1 -1.75840511667868e-03
2 1 1 1 0 3 2.03005514690209e-01
2 1 1 1 1 0 3.51681023335737e-03
2 1 1 1 1 2 7.29437315109886e-01
2 1 1 1 2 1 -3.64718657554943e-01
2 1 1 1 2 3 -1.30202588704705e-01
2 1 1 1 3 0 -4.46550315934606e-01
2 1 1 1 3 2 1.73790295390956e-01
2 1 1 2 0 0 2.43272520202882e-01
2 1 1 2 0 2 -5.19767919633694e-01
2 1 1 2 1 1 -3.64718657554943e-01
2 1 1 2 1 3 -1.30202588704705e-01
2 1 1 2 2 0 1.03953583926739e+00
2 1 1 2 3 1 -4.35877066862509e-02
2 1 1 2 3 3 -1.92775259117071e-02
2 1 1 3 0 1 2.43544801244397e-01
2 1 1 3 0 3 1.06771460700440e-01
2 1 1 3 1 0 -4.46550315934606e-01
2 1 1 3 1 2 1.73790295390956e-01
2 1 1 3 2 1 -4.35877066862509e-02
2 1 1 3 2 3 -1.92775259117071e-02
2 1 1 3 3 0 -2.13542921400880e-01
2 1 1 3 3 2 3.85550518234142e-02
2 1 2 0 0 1 4.77800132229952e-02
2 1 2 0 0 3 -9.86982422279548e-02
2 1 2 0 1 0 -9.55600264459905e-02
2 1 2 0 1 2 -2.94433125894828e-01
2 1 2 0 2 1 1.42959755497568e-01
2 1 2 0 2 3 5.50924095845153e-02
2 1 2 0 3 0 1.97396484455910e-01
2 1 2 0 3 2 -6.96455326148425e-02
2 1 2 1 0 0 4.77800132229952e-02
2 1 2 1 0 2 1.51473370397259e-01
2 1 2 1 1 3 2.59287808681533e-03
2 1 2 1 2 0 1.42959755497568e-01
2 1 2 1 2 2 -6.84294421375461e-02
2 1 2 1 3 1 -5.18575617363067e-03
2 1 2 1 3 3 1.23465095614429e-02
2 1 2 2 0 1 1.51473370397259e-01
2 1 2 2 0 3 1.45531230303272e-02
2 1 2 2 1 0 -2.94433125894828e-01
2 1 2 2 1 2 1.36858884275092e-01
2 1 2 2 2 1 -6.84294421375461e-02
2 1 2 2 2 3 -1.65424452711244e-02
2 1 2 2 3 0 -6.96455326148425e-02
2 1 2 2 3 2 3.30848905422488e-02
2 1 2 3 0 0 -9.86982422279548e-02
2 1 2 3 0 2 1.45531230303272e-02
2 1 2 3 1 1 2.59287808681533e-03
2 1 2 3 1 3 -2.46930191228857e-02
2 1 2 3 2 0 5.50924095845153e-02
2 1 2 3 2 2 -1.65424452711244e-02
2 1 2 3 3 1 1.23465095614429e-02
2 1 3 0 0 2 -1.02178835827132e-01
2 1 3 0 1 1 -2.57752658731149e-02
2 1 3 0 1 3 7.65072344018026e-02
2 1 3 0 2 0 5.10894179135660e-02
2 1 3 0 2 2 -2.02290327221423e-01
2 1 3 0 3 1 8.50208493014941e-02
2 1 3 0 3 3 4.10476897150199e-02
2 1 3 1 0 1 1.52730927757325e-02
2 1 3 1 0 3 2.17767305134898e-02
2 1 3 1 1 0 1.05021730973825e-02
2 1 3 1 1 2 1.73790295390956e-01
2 1 3 1 2 1 -4.35877066862509e-02
2 1 3 1 2 3 -2.28563635439114e-02
2 1 3 1 3 0 -1.06797579814984e-01
2 1 3 1 3 2 3.73541641682062e-02
2 1 3 2 0 0 5.10894179135660e-02
2 1 3 2 0 2 -5.18134313827558e-02
2 1 3 2 1 1 -1.30202588704705e-01
2 1 3 2 1 3 -3.98491920206470e-02
2 1 3 2 2 0 2.54103758604179e-01
2 1 3 2 3 1 -2.28563635439114e-02
2 1 3 2 3 3 -5.13185381833374e-03
2 1 3 3 0 1 3.02903454131810e-02
2 1 3 3 0 3 1.09557927019641e-02
2 1 3 3 1 0 -1.06797579814984e-01
2 1 3 3 1 2 4.57127270878227e-02
2 1 3 3 2 1 2.49502785244082e-03
2 1 3 3 2 3 -3.38140842606364e-03
2 1 3 3 3 0 -5.20034824169840e-02
2 1 3 3 3 2 8.51326224439738e-03
2 2 0 0 1 1 4.92654829795727e-01
2 2 0 0 1 3 -6.56865413508763e-01
2 2 0 0 2 2 1.80599595081908e+00
2 2 0 0 3 1 -6.56865413508763e-01
2 2 0 0 3 3 -3.61157397985603e-01
2 2 0 1 0 1 -2.46327414897863e-01
2 2 0 1 0 3 3.28432706754382e-01
2 2 0 1 1 0 -2.46327414897863e-01
2 2 0 1 1 2 -5.19767919633694e-01
2 2 0 1 2 1 -5.19767919633694e-01
2 2 0 1 2 3 -5.18134313827558e-02
2 2 0 1 3 0 3.28432706754382e-01
2 2 0 1 3 2 -5.18134313827558e-02
2 2 0 2 0 2 -9.02997975409542e-01
2 2 0 2 1 1 1.03953583926739e+00
2 2 0 2 1 3 2.54103758604179e-01
2 2 0 2 2 0 -9.02997975409542e-01
2 2 0 2 3 1 2.54103758604179e-01
2 2 0 2 3 3 2.10085227566037e-02
2 2 0 3 0 1 3.28432706754382e-01
2 2 0 3 0 3 1.80578698992801e-01
2 2 0 3 1 0 3.28432706754382e-01
2 2 0 3 1 2 -2.02290327221423e-01
2 2 0 3 2 1 -2.02290327221423e-01
2 2 0 3 2 3 -1.05042613783018e-02
2 2 0 3 3 0 1.80578698992801e-01
2 2 0 3 3 2 -1.05042613783018e-02
2 2 1 0 0 1 4.77800132229952e-02
2 2 1 0 0 3 -9.86982422279548e-02
2 2 1 0 1 0 4.77800132229952e-02
2 2 1 0 1 2 1.51473370397259e-01
2 2 1 0 2 1 1.51473370397259e-01
2 2 1 0 2 3 1.45531230303272e-02
2 2 1 0 3 0 -9.86982422279548e-02
2 2 1 0 3 2 1.45531230303272e-02
2 2 1 1 0 0 -9.55600264459905e-02
2 2 1 1 0 2 -2.94433125894828e-01
2 2 1 1 1 3 2.59287808681533e-03
2 2 1 1 2 0 -2.94433125894828e-01
2 2 1 1 2 2 1.36858884275092e-01
2 2 1 1 3 1 2.59287808681533e-03
2 2 1 1 3 3 -2.46930191228857e-02
2 2 1 2 0 1 1.42959755497568e-01
2 2 1 2 0 3 5.50924095845153e-02
2 2 1 2 1 0 1.42959755497568e-01
2 2 1 2 1 2 -6.84294421375461e-02
2 2 1 2 2 1 -6.84294421375461e-02
2 2 1 2 2 3 -1.65424452711244e-02
2 2 1 2 3 0 5.50924095845153e-02
2 2 1 2 3 2 -1.65424452711244e-02
2 2 1 3 0 0 1.97396484455910e-01
2 2 1 3 0 2 -6.96455326148425e-02
2 2 1 3 1 1 -5.18575617363067e-03
2 2 1 3 1 3 1.23465095614429e-02
2 2 1 3 2 0 -6.96455326148425e-02
2 2 1 3 2 2 3.30848905422488e-02
2 2 1 3 3 1 1.23465095614429e-02
2 2 3 0 0 1 -3.92638500034206e-03
2 2 3 0 0 3 -2.84033383236395e-02
2 2 3 0 1 0 -3.92638500034206e-03
2 2 3 0 1 2 4.04094815053808e-02
2 2 3 0 2 1 4.04094815053808e-02
2 2 3 0 2 3 3.50278912182163e-03
2 2 3 0 3 0 -2.84033383236395e-02
2 2 3 0 3 2 3.50278912182163e-03
2 2 3 1 0 0 7.85277000068412e-03
2 2 3 1 0 2 -7.26347385985258e-02
2 2 3 1 1 3 2.49256002134118e-03
2 2 3 1 2 0 -7.26347385985258e-02
2 2 3 1 2 2 3.30848905422488e-02
2 2 3 1 3 1 2.49256002134118e-03
2 2 3 1 3 3 -5.18575617363067e-03
2 2 3 2 0 1 3.22252570931450e-02
2 2 3 2 0 3 1.20164040215130e-02
2 2 3 2 1 0 3.22252570931450e-02
2 2 3 2 1 2 -1.65424452711244e-02
2 2 3 2 2 1 -1.65424452711244e-02
2 2 3 2 2 3 -5.56168842384692e-03
2 2 3 2 3 0 1.20164040215130e-02
2 2 3 2 3 2 -5.56168842384692e-03
2 2 3 3 0 0 5.68066766472791e-02
2 2 3 3 0 2 -1.55191931433346e-02
2 2 3 3 1 1 -4.98512004268235e-03
2 2 3 3 1 3 2.59287808681533e-03
2 2 3 3 2 0 -1.55191931433346e-02
2 2 3 3 2 2 1.11233768476938e-02
2 2 3 3 3 1 2.59287808681533e-03
2 3 0 0 0 1 -5.13619206569428e-02
2 3 0 0 0 3 7.56763663198059e-02
2 3 0 0 1 0 6.16754826650381e-02
2 3 0 0 1 2 1.49218667093104e-01
2 3 0 0 2 1 -1.17041551859644e-01
2 3 0 0 2 3 -3.70808700711879e-02
2 3 0 0 3 0 -9.66222287512989e-02
2 3 0 0 3 2 4.01760831889046e-02
2 3 0 1 0 0 -1.03135620080953e-02
2 3 0 1 0 2 -3.21771152334603e-02
2 3 0 1 1 3 -5.33109795693080e-04
2 3 0 1 2 0 -3.04266698411903e-02
2 3 0 1 2 2 1.45531230303272e-02
2 3 0 1 3 1 1.06621959138616e-03
2 3 0 1 3 3 -2.62962304762106e-03
2 3 0 2 0 1 -1.18791997251914e-01
2 3 0 2 0 3 -2.00880415944523e-02
2 3 0 2 1 0 1.49218667093104e-01
2 3 0 2 1 2 -6.96455326148425e-02
2 3 0 2 2 1 5.50924095845153e-02
2 3 0 2 2 3 1.20164040215130e-02
2 3 0 2 3 0 3.18175202692881e-02
2 3 0 2 3 2 -1.55191931433346e-02
2 3 0 3 0 0 2.09458624314930e-02
2 3 0 3 0 2 5.26334980189988e-03
2 3 0 3 1 1 -5.33109795693079e-04
2 3 0 3 1 3 1.28962140178786e-02
2 3 0 3 2 0 -2.00880415944523e-02
2 3 0 3 2 2 3.50278912182163e-03
2 3 0 3 3 1 -1.02665909702576e-02
2 3 1 0 0 2 -1.02178835827132e-01
2 3 1 0 1 1 1.52730927757325e-02
2 3 1 0 1 3 2.17767305134898e-02
2 3 1 0 2 0 5.10894179135660e-02
2 3 1 0 2 2 -5.18134313827558e-02
2 3 1 0 3 1 3.02903454131810e-02
2 3 1 0 3 3 1.09557927019641e-02
2 3 1 1 0 1 -2.57752658731149e-02
2 3 1 1 0 3 7.65072344018026e-02
2 3 1 1 1 0 1.05021730973825e-02
2 3 1 1 1 2 1.73790295390956e-01
2 3 1 1 2 1 -1.30202588704705e-01
2 3 1 1 2 3 -3.98491920206470e-02
2 3 1 1 3 0 -1.06797579814984e-01
2 3 1 1 3 2 4.57127270878227e-02
2 3 1 2 0 0 5.10894179135660e-02
2 3 1 2 0 2 -2.02290327221423e-01
2 3 1 2 1 1 -4.35877066862509e-02
2 3 1 2 1 3 -2.28563635439114e-02
2 3 1 2 2 0 2.54103758604179e-01
2 3 1 2 3 1 2.49502785244082e-03
2 3 1 2 3 3 -3.38140842606364e-03
2 3 1 3 0 1 8.50208493014941e-02
2 3 1 3 0 3 4.10476897150199e-02
2 3 1 3 1 0 -1.06797579814984e-01
2 3 1 3 1 2 3.73541641682062e-02
2 3 1 3 2 1 -2.28563635439114e-02
2 3 1 3 2 3 -5.13185381833374e-03
2 3 1 3 3 0 -5.20034824169840e-02
2 3 1 3 3 2 8.51326224439738e-03
2 3 2 0 0 1 -3.92638500034206e-03
2 3 2 0 0 3 -2.84033383236395e-02
2 3 2 0 1 0 7.85277000068412e-03
2 3 2 0 1 2 -7.26347385985258e-02
2 3 2 0 2 1 3.22252570931450e-02
2 3 2 0 2 3 1.20164040215130e-02
2 3 2 0 3 0 5.68066766472791e-02
2 3 2 0 3 2 -1.55191931433346e-02
2 3 2 1 0 0 -3.92638500034206e-03
2 3 2 1 0 2 4.04094815053808e-02
2 3 2 1 1 3 2.49256002134118e-03
2 3 2 1 2 0 3.22252570931450e-02
2 3 2 1 2 2 -1.65424452711244e-02
2 3 2 1 3 1 -4.98512004268235e-03
2 3 2 1 3 3 2.59287808681533e-03
2 3 2 2 0 1 4.04094815053808e-02
2 3 2 2 0 3 3.50278912182163e-03
2 3 2 2 1 0 -7.26347385985258e-02
2 3 2 2 1 2 3.30848905422488e-02
2 3 2 2 2 1 -1.65424452711244e-02
2 3 2 2 2 3 -5.56168842384692e-03
2 3 2 2 3 0 -1.55191931433346e-02
2 3 2 2 3 2 1.11233768476938e-02
2 3 2 3 0 0 -2.84033383236395e-02
2 3 2 3 0 2 3.50278912182163e-03
2 3 2 3 1 1 2.49256002134118e-03
2 3 2 3 1 3 -5.18575617363067e-03
2 3 2 3 2 0 1.20164040215130e-02
2 3 2 3 2 2 -5.56168842384692e-03
2 3 2 3 3 1 2.59287808681533e-03
2 3 3 0 0 2 -9.82255519474531e-02
2 3 3 0 1 1 2.54039969847850e-02
2 3 3 0 1 3 6.63860230931718e-03
2 3 3 0 2 0 4.91127759737266e-02
2 3 3 0 2 2 -1.05042613783018e-02
2 3 3 0 3 1 1.48228267215530e-02
2 3 3 0 3 3 2.67192103982495e-03
2 3 3 1 0 1 2.54039969847850e-02
2 3 3 1 0 3 6.63860230931718e-03
2 3 3 1 1 0 -5.08079939695700e-02
2 3 3 1 1 2 3.85550518234142e-02
2 3 3 1 2 1 -1.92775259117071e-02
2 3 3 1 2 3 -5.13185381833374e-03
2 3 3 1 3 0 -2.14614290308701e-02
2 3 3 1 3 2 8.51326224439738e-03
2 3 3 2 0 0 4.91127759737266e-02
2 3 3 2 0 2 -1.05042613783018e-02
2 3 3 2 1 1 -1.92775259117071e-02
2 3 3 2 1 3 -5.13185381833374e-03
2 3 3 2 2 0 2.10085227566037e-02
2 3 3 2 3 1 -3.38140842606364e-03
2 3 3 2 3 3 -2.79336647438787e-03
2 3 3 3 0 1 1.48228267215530e-02
2 3 3 3 0 3 2.67192103982495e-03
2 3 3 3 1 0 -2.14614290308701e-02
2 3 3 3 1 2 8.51326224439738e-03
2 3 3 3 2 1 -3.38140842606364e-03
2 3 3 3 2 3 -2.79336647438787e-03
2 3 3 3 3 0 -5.34384207964989e-03
2 3 3 3 3 2 5.58673294877574e-03
3 0 0 0 0 1 -4.78274133904469e-02
3 0 0 0 0 3 3.11134051728591e-01
3 0 0 0 1 0 2.39137066952234e-02
3 0 0 0 1 2 1.99408184361845e-01
3 0 0 0 2 1 -4.28908265736747e-01
3 0 0 0 2 3 -9.66222287512989e-02
3 0 0 0 3 0 -1.55567025864295e-01
3 0 0 0 3 2 7.56763663198059e-02
3 0 0 1 0 0 2.39137066952234e-02
3 0 0 1 0 2 1.99408184361845e-01
3 0 0 1 1 3 -1.83293750716126e-02
3 0 0 1 2 0 2.29500081374901e-01
3 0 0 1 2 2 -9.86982422279548e-02
3 0 0 1 3 1 9.16468753580630e-03
3 0 0 1 3 3 1.66685392614496e-02
3 0 0 2 0 1 -4.28908265736747e-01
3 0 0 2 0 3 -9.66222287512989e-02
3 0 0 2 1 0 2.29500081374901e-01
3 0 0 2 1 2 -9.86982422279548e-02
3 0 0 2 2 1 1.97396484455910e-01
3 0 0 2 2 3 5.68066766472791e-02
3 0 0 2 3 0 2.09458624314930e-02
3 0 0 2 3 2 -2.84033383236395e-02
3 0 0 3 0 0 -1.55567025864295e-01
3 0 0 3 0 2 7.56763663198059e-02
3 0 0 3 1 1 9.16468753580630e-03
3 0 0 3 1 3 1.66685392614496e-02
3 0 0 3 2 0 2.09458624314930e-02
3 0 0 3 2 2 -2.84033383236395e-02
3 0 0 3 3 1 -3.33370785228993e-02
3 0 1 0 0 2 -5.18134313827558e-02
3 0 1 0 1 1 -2.68461763806156e-02
3 0 1 0 1 3 -1.56414142452042e-01
3 0 1 0 2 0 2.54103758604179e-01
3 0 1 0 2 2 3.28432706754382e-01
3 0 1 0 3 1 -1.39421313975306e-01
3 0 1 0 3 3 -6.80321141760750e-02
3 0 1 1 0 1 -3.29225292572227e-02
3 0 1 1 0 3 2.78842627950612e-01
3 0 1 1 1 0 5.97687056378383e-02
3 0 1 1 1 2 2.03005514690209e-01
3 0 1 1 2 1 -4.46550315934606e-01
3 0 1 1 2 3 -1.06797579814984e-01
3 0 1 1 3 0 -1.14069922578954e-01
3 0 1 1 3 2 7.65072344018026e-02
3 0 1 2 0 0 -2.02290327221423e-01
3 0 1 2 0 2 -6.56865413508763e-01
3 0 1 2 1 1 2.43544801244397e-01
3 0 1 2 1 3 3.02903454131810e-02
3 0 1 2 2 0 3.28432706754382e-01
3 0 1 2 3 1 8.50208493014941e-02
3 0 1 2 3 3 1.48228267215530e-02
3 0 1 3 0 1 2.70484065030996e-01
3 0 1 3 0 3 1.34313782959880e-01
3 0 1 3 1 0 -1.39421313975306e-01
3 0 1 3 1 2 2.17767305134898e-02
3 0 1 3 2 1 -1.06797579814984e-01
3 0 1 3 2 3 -2.14614290308701e-02
3 0 1 3 3 0 -6.62816687838050e-02
3 0 1 3 3 2 6.63860230931718e-03
3 0 2 0 0 1 6.16754826650381e-02
3 0 2 0 0 3 -9.66222287512989e-02
3 0 2 0 1 0 -1.03135620080953e-02
3 0 2 0 1 2 -3.04266698411903e-02
3 0 2 0 2 1 1.49218667093104e-01
3 0 2 0 2 3 3.18175202692881e-02
3 0 2 0 3 0 2.09458624314930e-02
3 0 2 0 3 2 -2.00880415944523e-02
3 0 2 1 0 0 -5.13619206569428e-02
3 0 2 1 0 2 -1.17041551859644e-01
3 0 2 1 1 3 1.06621959138616e-03
3 0 2 1 2 0 -1.18791997251914e-01
3 0 2 1 2 2 5.50924095845153e-02
3 0 2 1 3 1 -5.33109795693079e-04
3 0 2 1 3 3 -1.02665909702576e-02
3 0 2 2 0 1 1.49218667093104e-01
3 0 2 2 0 3 4.01760831889046e-02
3 0 2 2 1 0 -3.21771152334603e-02
3 0 2 2 1 2 1.45531230303272e-02
3 0 2 2 2 1 -6.96455326148425e-02
3 0 2 2 2 3 -1.55191931433346e-02
3 0 2 2 3 0 5.26334980189988e-03
3 0 2 2 3 2 3.50278912182163e-03
3 0 2 3 0 0 7.56763663198059e-02
3 0 2 3 0 2 -3.70808700711879e-02
3 0 2 3 1 1 -5.33109795693080e-04
3 0 2 3 1 3 -2.62962304762106e-03
3 0 2 3 2 0 -2.00880415944523e-02
3 0 2 3 2 2 1.20164040215130e-02
3 0 2 3 3 1 1.28962140178786e-02
3 0 3 0 0 2 -1.05042613783018e-02
3 0 3 0 1 1 4.32135033380667e-02
3 0 3 0 1 3 -6.80321141760750e-02
3 0 3 0 2 0 2.10085227566037e-02
3 0 3 0 2 2 1.80578698992801e-01
3 0 3 0 3 1 -6.62816687838050e-02
3 0 3 0 3 3 -3.62337534834419e-02
3 0 3 1 0 1 -8.64270066761333e-02
3 0 3 1 0 3 1.34313782959880e-01
3 0 3 1 1 0 4.32135033380667e-02
3 0 3 1 1 2 1.06771460700440e-01
3 0 3 1 2 1 -2.13542921400880e-01
3 0 3 1 2 3 -5.20034824169840e-02
3 0 3 1 3 0 -6.62816687838050e-02
3 0 3 1 3 2 4.10476897150199e-02
3 0 3 2 0 0 -1.05042613783018e-02
3 0 3 2 0 2 -3.61157397985603e-01
3 0 3 2 1 1 1.06771460700440e-01
3 0 3 2 1 3 1.09557927019641e-02
3 0 3 2 2 0 1.80578698992801e-01
3 0 3 2 3 1 4.10476897150199e-02
3 0 3 2 3 3 2.67192103982495e-03
3 0 3 3 0 1 1.34313782959880e-01
3 0 3 3 0 3 7.24675069668838e-02
3 0 3 3 1 0 -6.80321141760750e-02
3 0 3 3 1 2 1.09557927019641e-02
3 0 3 3 2 1 -5.20034824169840e-02
3 0 3 3 2 3 -5.34384207964989e-03
3 0 3 3 3 0 -3.62337534834419e-02
3 0 3 3 3 2 2.67192103982495e-03
3 1 0 0 0 2 -5.18134313827558e-02
3 1 0 0 1 1 -3.29225292572227e-02
3 1 0 0 1 3 2.78842627950612e-01
3 1 0 0 2 0 -2.02290327221423e-01
3 1 0 0 2 2 -6.56865413508763e-01
3 1 0 0 3 1 2.70484065030996e-01
3 1 0 0 3 3 1.34313782959880e-01
3 1 0 1 0 1 -2.68461763806156e-02
3 1 0 1 0 3 -1.56414142452042e-01
3 1 0 1 1 0 5.97687056378383e-02
3 1 0 1 1 2 2.03005514690209e-01
3 1 0 1 2 1 2.43544801244397e-01
3 1 0 1 2 3 3.02903454131810e-02
3 1 0 1 3 0 -1.39421313975306e-01
3 1 0 1 3 2 2.17767305134898e-02
3 1 0 2 0 0 2.54103758604179e-01
3 1 0 2 0 2 3.28432706754382e-01
3 1 0 2 1 1 -4.46550315934606e-01
3 1 0 2 1 3 -1.06797579814984e-01
3 1 0 2 2 0 3.28432706754382e-01
3 1 0 2 3 1 -1.06797579814984e-01
3 1 0 2 3 3 -2.14614290308701e-02
3 1 0 3 0 1 -1.39421313975306e-01
3 1 0 3 0 3 -6.80321141760750e-02
3 1 0 3 1 0 -1.14069922578954e-01
3 1 0 3 1 2 7.65072344018026e-02
3 1 0 3 2 1 8.50208493014941e-02
3 1 0 3 2 3 1.48228267215530e-02
3 1 0 3 3 0 -6.62816687838050e-02
3 1 0 3 3 2 6.63860230931718e-03
3 1 1 0 0 1 -3.33370785228993e-02
3 1 1 0 0 3 -1.83293750716126e-02
3 1 1 0 1 0 1.66685392614496e-02
3 1 1 0 1 2 -2.62962304762106e-03
3 1 1 0 2 1 1.28962140178786e-02
3 1 1 0 2 3 1.06621959138616e-03
3 1 1 0 3 0 9.16468753580630e-03
3 1 1 0 3 2 -5.33109795693080e-04
3 1 1 1 0 0 1.66685392614496e-02
3 1 1 1 0 2 -2.62962304762106e-03
3 1 1 1 1 3 4.65177882946848e-03
3 1 1 1 2 0 -1.02665909702576e-02
3 1 1 1 2 2 2.59287808681533e-03
3 1 1 1 3 1 -2.32588941473424e-03
3 1 1 2 0 1 1.28962140178786e-02
3 1 1 2 0 3 1.06621959138616e-03
3 1 1 2 1 0 -1.02665909702576e-02
3 1 1 2 1 2 2.59287808681533e-03
3 1 1 2 2 1 -5.18575617363067e-03
3 1 1 2 2 3 -4.98512004268235e-03
3 1 1 2 3 0 -5.33109795693079e-04
3 1 1 2 3 2 2.49256002134118e-03
3 1 1 3 0 0 9.16468753580630e-03
3 1 1 3 0 2 -5.33109795693080e-04
3 1 1 3 1 1 -2.32588941473424e-03
3 1 1 3 2 0 -5.33109795693079e-04
3 1 1 3 2 2 2.49256002134118e-03
3 1 2 0 0 2 5.10894179135660e-02
3 1 2 0 1 1 1.05021730973825e-02
3 1 2 0 1 3 -1.06797579814984e-01
3 1 2 0 2 0 5.10894179135660e-02
3 1 2 0 2 2 2.54103758604179e-01
3 1 2 0 3 1 -1.06797579814984e-01
3 1 2 0 3 3 -5.20034824169840e-02
3 1 2 1 0 1 1.52730927757325e-02
3 1 2 1 0 3 3.02903454131810e-02
3 1 2 1 1 0 -2.57752658731149e-02
3 1 2 1 1 2 -1.30202588704705e-01
3 1 2 1 2 1 -4.35877066862509e-02
3 1 2 1 2 3 2.49502785244082e-03
3 1 2 1 3 0 8.50208493014941e-02
3 1 2 1 3 2 -2.28563635439114e-02
3 1 2 2 0 0 -1.02178835827132e-01
3 1 2 2 0 2 -5.18134313827558e-02
3 1 2 2 1 1 1.73790295390956e-01
3 1 2 2 1 3 4.57127270878227e-02
3 1 2 2 2 0 -2.02290327221423e-01
3 1 2 2 3 1 3.73541641682062e-02
3 1 2 2 3 3 8.51326224439738e-03
3 1 2 3 0 1 2.17767305134898e-02
3 1 2 3 0 3 1.09557927019641e-02
3 1 2 3 1 0 7.65072344018026e-02
3 1 2 3 1 2 -3.98491920206470e-02
3 1 2 3 2 1 -2.28563635439114e-02
3 1 2 3 2 3 -3.38140842606364e-03
3 1 2 3 3 0 4.10476897150199e-02
3 1 2 3 3 2 -5.13185381833374e-03
3 1 3 0 0 1 -1.25015508564043e-02
3 1 3 0 0 3 1.66685392614496e-02
3 1 3 0 1 0 2.50031017128087e-02
3 1 3 0 1 2 5.27582777054871e-02
3 1 3 0 2 1 -2.63791388527435e-02
3 1 3 0 2 3 -1.02665909702576e-02
3 1 3 0 3 0 -3.33370785228993e-02
3 1 3 0 3 2 1.28962140178786e-02
3 1 3 1 0 0 -1.25015508564043e-02
3 1 3 1 0 2 -2.63791388527435e-02
3 1 3 1 2 0 -2.63791388527435e-02
3 1 3 1 2 2 1.23465095614429e-02
3 1 3 1 3 3 -2.32588941473424e-03
3 1 3 2 0 1 -2.63791388527435e-02
3 1 3 2 0 3 -2.62962304762106e-03
3 1 3 2 1 0 5.27582777054871e-02
3 1 3 2 1 2 -2.46930191228857e-02
3 1 3 2 2 1 1.23465095614429e-02
3 1 3 2 2 3 2.59287808681533e-03
3 1 3 2 3 0 1.28962140178786e-02
3 1 3 2 3 2 -5.18575617363067e-03
3 1 3 3 0 0 1.66685392614496e-02
3 1 3 3 0 2 -2.62962304762106e-03
3 1 3 3 1 3 4.65177882946848e-03
3 1 3 3 2 0 -1.02665909702576e-02
3 1 3 3 2 2 2.59287808681533e-03
3 1 3 3 3 1 -2.32588941473424e-03
3 2 0 0 0 1 6.16754826650381e-02
3 2 0 0 0 3 -9.66222287512989e-02
3 2 0 0 1 0 -5.13619206569428e-02
3 2 0 0 1 2 -1.17041551859644e-01
3 2 0 0 2 1 1.49218667093104e-01
3 2 0 0 2 3 4.01760831889046e-02
3 2 0 0 3 0 7.56763663198059e-02
3 2 0 0 3 2 -3.70808700711879e-02
3 2 0 1 0 0 -1.03135620080953e-02
3 2 0 1 0 2 -3.04266698411903e-02
3 2 0 1 1 3 1.06621959138616e-03
3 2 0 1 2 0 -3.21771152334603e-02
3 2 0 1 2 2 1.45531230303272e-02
3 2 0 1 3 1 -5.33109795693080e-04
3 2 0 1 3 3 -2.62962304762106e-03
3 2 0 2 0 1 1.49218667093104e-01
3 2 0 2 0 3 3.18175202692881e-02
3 2 0 2 1 0 -1.18791997251914e-01
3 2 0 2 1 2 5.50924095845153e-02
3 2 0 2 2 1 -6.96455326148425e-02
3 2 0 2 2 3 -1.55191931433346e-02
3 2 0 2 3 0 -2.00880415944523e-02
3 2 0 2 3 2 1.20164040215130e-02
3 2 0 3 0 0 2.09458624314930e-02
3 2 0 3 0 2 -2.00880415944523e-02
3 2 0 3 1 1 -5.33109795693079e-04
3 2 0 3 1 3 -1.02665909702576e-02
3 2 0 3 2 0 5.26334980189988e-03
3 2 0 3 2 2 3.50278912182163e-03
3 2 0 3 3 1 1.28962140178786e-02
3 2 1 0 0 2 5.10894179135660e-02
3 2 1 0 1 1 1.52730927757325e-02
3 2 1 0 1 3 3.02903454131810e-02
3 2 1 0 2 0 -1.02178835827132e-01
3 2 1 0 2 2 -5.18134313827558e-02
3 2 1 0 3 1 2.17767305134898e-02
3 2 1 0 3 3 1.09557927019641e-02
3 2 1 1 0 1 1.05021730973825e-02
3 2 1 1 0 3 -1.06797579814984e-01
3 2 1 1 1 0 -2.57752658731149e-02
3 2 1 1 1 2 -1.30202588704705e-01
3 2 1 1 2 1 1.73790295390956e-01
3 2 1 1 2 3 4.57127270878227e-02
3 2 1 1 3 0 7.65072344018026e-02
3 2 1 1 3 2 -3.98491920206470e-02
3 2 1 2 0 0 5.10894179135660e-02
3 2 1 2 0 2 2.54103758604179e-01
3 2 1 2 1 1 -4.35877066862509e-02
3 2 1 2 1 3 2.49502785244082e-03
3 2 1 2 2 0 -2.02290327221423e-01
3 2 1 2 3 1 -2.28563635439114e-02
3 2 1 2 3 3 -3.38140842606364e-03
3 2 1 3 0 1 -1.06797579814984e-01
3 2 1 3 0 3 -5.20034824169840e-02
3 2 1 3 1 0 8.50208493014941e-02
3 2 1 3 1 2 -2.28563635439114e-02
3 2 1 3 2 1 3.73541641682062e-02
3 2 1 3 2 3 8.51326224439738e-03
3 2 1 3 3 0 4.10476897150199e-02
3 2 1 3 3 2 -5.13185381833374e-03
3 2 2 0 0 1 7.85277000068412e-03
3 2 2 0 0 3 5.68066766472791e-02
3 2 2 0 1 0 -3.92638500034206e-03
3 2 2 0 1 2 3.22252570931450e-02
3 2 2 0 2 1 -7.26347385985258e-02
3 2 2 0 2 3 -1.55191931433346e-02
3 2 2 0 3 0 -2.84033383236395e-02
3 2 2 0 3 2 1.20164040215130e-02
3 2 2 1 0 0 -3.92638500034206e-03
3 2 2 1 0 2 3.22252570931450e-02
3 2 2 1 1 3 -4.98512004268235e-03
3 2 2 1 2 0 4.04094815053808e-02
3 2 2 1 2 2 -1.65424452711244e-02
3 2 2 1 3 1 2.49256002134118e-03
3 2 2 1 3 3 2.59287808681533e-03
3 2 2 2 0 1 -7.26347385985258e-02
3 2 2 2 0 3 -1.55191931433346e-02
3 2 2 2 1 0 4.04094815053808e-02
3 2 2 2 1 2 -1.65424452711244e-02
3 2 2 2 2 1 3.30848905422488e-02
3 2 2 2 2 3 1.11233768476938e-02
3 2 2 2 3 0 3.50278912182163e-03
3 2 2 2 3 2 -5.56168842384692e-03
3 2 2 3 0 0 -2.84033383236395e-02
3 2 2 3 0 2 1.20164040215130e-02
3 2 2 3 1 1 2.49256002134118e-03
3 2 2 3 1 3 2.59287808681533e-03
3 2 2 3 2 0 3.50278912182163e-03
3 2 2 3 2 2 -5.56168842384692e-03
3 2 2 3 3 1 -5.18575617363067e-03
3 2 3 0 0 2 4.91127759737266e-02
3 2 3 0 1 1 2.54039969847850e-02
3 2 3 0 1 3 1.48228267215530e-02
3 2 3 0 2 0 -9.82255519474531e-02
3 2 3 0 2 2 -1.05042613783018e-02
3 2 3 0 3 1 6.63860230931718e-03
3 2 3 0 3 3 2.67192103982495e-03
3 2 3 1 0 1 -5.08079939695700e-02
3 2 3 1 0 3 -2.14614290308701e-02
3 2 3 1 1 0 2.54039969847850e-02
3 2 3 1 1 2 -1.92775259117071e-02
3 2 3 1 2 1 3.85550518234142e-02
3 2 3 1 2 3 8.51326224439738e-03
3 2 3 1 3 0 6.63860230931718e-03
3 2 3 1 3 2 -5.13185381833374e-03
3 2 3 2 0 0 4.91127759737266e-02
3 2 3 2 0 2 2.10085227566037e-02
3 2 3 2 1 1 -1.92775259117071e-02
3 2 3 2 1 3 -3.38140842606364e-03
3 2 3 2 2 0 -1.05042613783018e-02
3 2 3 2 3 1 -5.13185381833374e-03
3 2 3 2 3 3 -2.79336647438787e-03
3 2 3 3 0 1 -2.14614290308701e-02
3 2 3 3 0 3 -5.34384207964989e-03
3 2 3 3 1 0 1.48228267215530e-02
3 2 3 3 1 2 -3.38140842606364e-03
3 2 3 3 2 1 8.51326224439738e-03
3 2 3 3 2 3 5.58673294877574e-03
3 2 3 3 3 0 2.67192103982495e-03
3 2 3 3 3 2 -2.79336647438787e-03
3 3 0 0 0 2 -1.05042613783018e-02
3 3 0 0 1 1 -8.64270066761333e-02
3 3 0 0 1 3 1.34313782959880e-01
3 3 0 0 2 0 -1.05042613783018e-02
3 3 0 0 2 2 -3.61157397985603e-01
3 3 0 0 3 1 1.34313782959880e-01
3 3 0 0 3 3 7.24675069668838e-02
3 3 0 1 0 1 4.32135033380667e-02
3 3 0 1 0 3 -6.80321141760750e-02
3 3 0 1 1 0 4.32135033380667e-02
3 3 0 1 1 2 1.06771460700440e-01
3 3 0 1 2 1 1.06771460700440e-01
3 3 0 1 2 3 1.09557927019641e-02
3 3 0 1 3 0 -6.80321141760750e-02
3 3 0 1 3 2 1.09557927019641e-02
3 3 0 2 0 0 2.10085227566037e-02
3 3 0 2 0 2 1.80578698992801e-01
3 3 0 2 1 1 -2.13542921400880e-01
3 3 0 2 1 3 -5.20034824169840e-02
3 3 0 2 2 0 1.80578698992801e-01
3 3 0 2 3 1 -5.20034824169840e-02
3 3 0 2 3 3 -5.34384207964989e-03
3 3 0 3 0 1 -6.62816687838050e-02
3 3 0 3 0 3 -3.62337534834419e-02
3 3 0 3 1 0 -6.62816687838050e-02
3 3 0 3 1 2 4.10476897150199e-02
3 3 0 3 2 1 4.10476897150199e-02
3 3 0 3 2 3 2.67192103982495e-03
3 3 0 3 3 0 -3.62337534834419e-02
3 3 0 3 3 2 2.67192103982495e-03
3 3 1 0 0 1 -1.25015508564043e-02
3 3 1 0 0 3 1.66685392614496e-02
3 3 1 0 1 0 -1.25015508564043e-02
3 3 1 0 1 2 -2.63791388527435e-02
3 3 1 0 2 1 -2.63791388527435e-02
3 3 1 0 2 3 -2.62962304762106e-03
3 3 1 0 3 0 1.66685392614496e-02
3 3 1 0 3 2 -2.62962304762106e-03
3 3 1 1 0 0 2.50031017128087e-02
3 3 1 1 0 2 5.27582777054871e-02
3 3 1 1 2 0 5.27582777054871e-02
3 3 1 1 2 2 -2.46930191228857e-02
3 3 1 1 3 3 4.65177882946848e-03
3 3 1 2 0 1 -2.63791388527435e-02
3 3 1 2 0 3 -1.02665909702576e-02
3 3 1 2 1 0 -2.63791388527435e-02
3 3 1 2 1 2 1.23465095614429e-02
3 3 1 2 2 1 1.23465095614429e-02
3 3 1 2 2 3 2.59287808681533e-03
3 3 1 2 3 0 -1.02665909702576e-02
3 3 1 2 3 2 2.59287808681533e-03
3 3 1 3 0 0 -3.33370785228993e-02
3 3 1 3 0 2 1.28962140178786e-02
3 3 1 3 1 3 -2.32588941473424e-03
3 3 1 3 2 0 1.28962140178786e-02
3 3 1 3 2 2 -5.18575617363067e-03
3 3 1 3 3 1 -2.32588941473424e-03
3 3 2 0 0 2 4.91127759737266e-02
3 3 2 0 1 1 -5.08079939695700e-02
3 3 2 0 1 3 -2.14614290308701e-02
3 3 2 0 2 0 4.91127759737266e-02
3 3 2 0 2 2 2.10085227566037e-02
3 3 2 0 3 1 -2.14614290308701e-02
3 3 2 0 3 3 -5.34384207964989e-03
3 3 2 1 0 1 2.54039969847850e-02
3 3 2 1 0 3 1.48228267215530e-02
3 3 2 1 1 0 2.54039969847850e-02
3 3 2 1 1 2 -1.92775259117071e-02
3 3 2 1 2 1 -1.92775259117071e-02
3 3 2 1 2 3 -3.38140842606364e-03
3 3 2 1 3 0 1.48228267215530e-02
3 3 2 1 3 2 -3.38140842606364e-03
3 3 2 2 0 0 -9.82255519474531e-02
3 3 2 2 0 2 -1.05042613783018e-02
3 3 2 2 1 1 3.85550518234142e-02
3 3 2 2 1 3 8.51326224439738e-03
3 3 2 2 2 0 -1.05042613783018e-02
3 3 2 2 3 1 8.51326224439738e-03
3 3 2 2 3 3 5.58673294877574e-03
3 3 2 3 0 1 6.63860230931718e-03
3 3 2 3 0 3 2.67192103982495e-03
3 3 2 3 1 0 6.63860230931718e-03
3 3 2 3 1 2 -5.13185381833374e-03
3 3 2 3 2 1 -5.13185381833374e-03
3 3 2 3 2 3 -2.79336647438787e-03
3 3 2 3 3 0 2.67192103982495e-03
3 3 2 3 3 2 -2.79336647438787e-03
